Car -1 -1 1.912180 248.595062 193.927856 397.547089 279.799164 1.411624 1.640067 4.152318 -5.898703 1.928766 15.307458 1.544367 0.999994
Car -1 -1 2.180540 -21.087439 205.012878 282.696533 360.746368 1.468191 1.550930 3.561318 -5.947005 1.967519 9.460698 1.619356 0.999992
Car -1 -1 -1.771667 706.401245 174.821289 812.630127 248.270676 1.524075 1.672340 3.919061 3.401428 1.589387 17.206074 -1.576496 0.999992
Car -1 -1 1.885114 375.873749 189.618973 467.829071 245.139496 1.465816 1.610423 4.151784 -5.872908 2.054830 22.879086 1.633845 0.999981
Car -1 -1 2.470573 1058.874512 140.384094 1366.478271 242.493240 1.699056 1.726818 4.194278 10.646479 1.145566 13.080973 -3.129458 0.999734
Car -1 -1 -2.115380 652.763916 179.132233 721.407471 212.435379 1.463624 1.640254 3.724105 3.643839 1.797856 34.746255 -2.010892 0.999543
Car -1 -1 1.232436 436.886871 187.236069 497.593323 227.952499 1.512361 1.572684 3.725435 -5.862761 2.137532 29.866000 1.038598 0.999521
Car -1 -1 -2.984121 905.200073 150.395386 1086.762695 221.454437 1.720059 1.587220 3.882098 9.938627 1.152417 18.709157 -2.495812 0.998468
Car -1 -1 1.336683 512.436157 182.277100 550.368896 207.410980 1.507573 1.585831 3.579688 -5.208118 2.175853 47.877930 1.228330 0.997806
Car -1 -1 1.398414 480.699249 184.092056 524.089783 215.393753 1.508026 1.588195 3.519824 -5.828311 2.163359 39.189435 1.250775 0.996584
