Pedestrian -1 -1 0.457697 832.220581 160.557007 956.539551 408.933136 1.615310 0.508126 0.652100 2.008695 1.493767 5.035339 0.837271 0.999941
Pedestrian -1 -1 0.450925 902.609802 154.273193 1011.724548 392.104248 1.672917 0.523906 0.588715 2.584409 1.486821 5.326311 0.902676 0.999935
Pedestrian -1 -1 -1.134922 566.050293 136.596146 624.305847 259.326233 1.780100 0.600845 0.886303 -0.198182 1.126494 10.795324 -1.153278 0.999311
Pedestrian -1 -1 -1.150903 615.772095 138.953415 668.883545 255.388977 1.652721 0.538380 0.807476 0.494783 1.043123 10.433406 -1.103515 0.999270
Pedestrian -1 -1 2.036744 512.358093 144.435516 537.891357 206.908096 1.708367 0.483218 0.674289 -2.298534 0.717963 19.986381 1.922242 0.999138
Pedestrian -1 -1 1.282893 532.778992 138.441284 589.964294 259.749084 1.779247 0.638622 0.966034 -0.726441 1.140056 10.923299 1.216487 0.998946
Pedestrian -1 -1 -1.091521 469.511383 147.110580 494.674591 206.175781 1.639089 0.479047 0.659094 -3.601867 0.698888 20.515948 -1.265314 0.997625
Pedestrian -1 -1 -0.214458 451.813477 146.674377 479.051819 205.683777 1.680990 0.526100 0.719627 -4.209998 0.715433 21.091577 -0.411475 0.996534
Pedestrian -1 -1 0.191763 599.887451 139.836563 638.018066 230.812607 1.721802 0.515148 0.675629 0.243029 0.923546 14.103454 0.208994 0.996301
Cyclist -1 -1 2.464936 393.820770 148.102631 436.662598 206.185684 1.739415 0.527797 1.423101 -6.131920 0.741685 22.540172 2.199320 0.990250
Pedestrian -1 -1 2.891071 486.840363 143.129272 515.272461 208.269730 1.789009 0.510116 0.704153 -2.966466 0.744450 19.985992 2.743720 0.968452
