Pedestrian -1 -1 -1.889352 866.088806 157.166458 987.165283 391.822723 1.708545 0.626404 0.813558 2.441910 1.519068 5.576013 -1.476580 0.999682
Pedestrian -1 -1 1.225914 926.265564 161.819931 1067.809814 441.774597 1.574291 0.572717 0.680518 2.399602 1.462737 4.515644 1.714363 0.999528
Pedestrian -1 -1 -1.712517 807.127319 176.043579 880.952942 337.059967 1.597842 0.605981 0.796861 2.565375 1.550464 7.740816 -1.392499 0.999443
Pedestrian -1 -1 -1.785437 757.950317 169.542648 837.283386 338.802551 1.693784 0.642335 0.890240 2.065865 1.569945 7.811805 -1.526901 0.999335
Pedestrian -1 -1 -1.366027 710.647034 171.286514 776.441284 319.995209 1.653745 0.652067 0.871761 1.640592 1.542554 8.569107 -1.176861 0.999319
Pedestrian -1 -1 1.346782 695.810059 172.498901 720.197144 228.387421 1.754545 0.640991 0.691469 3.368426 1.461460 22.955163 1.492481 0.997416
Cyclist -1 -1 -1.007805 536.087952 163.696777 605.026550 264.002167 1.800547 0.511876 1.802769 -0.638091 1.477735 13.687169 -1.054391 0.996842
Pedestrian -1 -1 1.258954 667.849060 172.809540 693.216064 221.268097 1.639552 0.663894 0.792640 2.723367 1.341971 24.966298 1.367607 0.989363
Pedestrian -1 -1 -1.215540 683.708069 172.297318 708.524109 223.518661 1.697403 0.646162 0.731949 3.201261 1.370278 24.519213 -1.085713 0.986797
Pedestrian -1 -1 1.963284 842.863892 173.765625 903.250793 318.070374 1.671299 0.507348 0.661310 3.315293 1.592036 8.908408 2.319556 0.962020
