Pedestrian -1 -1 -3.070395 1078.318359 145.208862 1174.437378 292.768188 1.729537 0.468368 0.899348 6.278698 1.307758 8.658320 -2.442979 0.999712
Pedestrian -1 -1 0.053426 829.649231 155.811630 910.465698 347.925842 1.645438 0.589321 0.709521 2.386476 1.416228 6.540413 0.403296 0.999697
Pedestrian -1 -1 -1.132073 -15.972271 169.298691 92.966858 351.806824 1.689222 0.615866 0.792283 -5.675689 1.595487 7.176297 -1.801237 0.999655
Pedestrian -1 -1 2.237279 1160.762939 143.958221 1249.465820 293.321838 1.770254 0.502094 0.717981 7.332744 1.325625 8.785651 2.932780 0.999195
Pedestrian -1 -1 -0.327801 354.225830 170.047272 416.617432 277.383240 1.668522 0.604282 0.838783 -3.576617 1.492913 11.766965 -0.622881 0.998882
Pedestrian -1 -1 1.871618 654.583801 170.981476 684.395142 238.305954 1.635914 0.587789 0.704440 1.662728 1.382757 18.008933 1.963685 0.998310
Pedestrian -1 -1 1.082725 982.016479 147.611557 1051.025269 283.662750 1.698555 0.497968 0.774270 5.344850 1.272410 9.326074 1.603136 0.998248
Pedestrian -1 -1 -1.256668 747.441650 162.916992 821.554382 336.191193 1.597728 0.566390 0.616866 1.729228 1.416941 7.006299 -1.014693 0.998070
Car -1 -1 1.526485 530.105957 164.799774 567.465820 200.533081 1.741095 1.719838 4.275440 -2.852537 0.873370 38.992447 1.453459 0.997941
Pedestrian -1 -1 -1.047958 393.031372 173.005127 432.109406 256.564941 1.609754 0.457569 0.717290 -3.775806 1.428337 14.251140 -1.306955 0.992437
Pedestrian -1 -1 1.344262 424.483734 166.913651 465.742554 258.542938 1.664380 0.498901 1.115631 -3.025970 1.395275 13.759861 1.127795 0.762727
