Pedestrian -1 -1 0.540480 916.584290 136.082764 1060.169678 407.735809 1.739630 0.592861 0.706208 2.645110 1.458903 5.014047 1.025916 0.999887
Pedestrian -1 -1 -2.793846 1053.504150 135.415588 1201.977051 417.277069 1.688355 0.568901 0.620478 3.330254 1.404506 4.585802 -2.165746 0.999318
Pedestrian -1 -1 -2.025937 469.397858 145.912460 507.088470 225.086914 1.696036 0.488775 0.830262 -2.560569 0.922191 15.238102 -2.192419 0.999294
Pedestrian -1 -1 -1.941348 562.826599 143.485123 600.399048 227.056458 1.705313 0.537662 0.812916 -0.533308 0.928210 14.837539 -1.977276 0.999097
Pedestrian -1 -1 1.353170 584.735168 140.420258 632.618164 252.000961 1.773171 0.612397 0.912254 0.009719 1.115668 11.769031 1.353995 0.998967
Pedestrian -1 -1 0.525614 974.644775 140.082825 1149.624268 442.564850 1.735673 0.671870 0.731210 2.911321 1.509322 4.621970 1.087720 0.998525
Pedestrian -1 -1 1.126531 493.573669 143.168243 534.631897 226.066711 1.723982 0.542380 0.915920 -2.007245 0.921889 15.263819 0.995778 0.998497
Pedestrian -1 -1 2.008670 521.330383 143.977417 557.611328 223.931473 1.665180 0.504193 0.837867 -1.472103 0.873890 15.405407 1.913402 0.998087
Pedestrian -1 -1 1.229558 535.409058 143.634064 576.196167 232.398239 1.687157 0.532894 0.887162 -1.028895 0.962932 13.998820 1.156192 0.998069
Pedestrian -1 -1 1.321484 632.105591 138.787552 675.154968 246.622467 1.730958 0.542238 0.814656 0.764794 1.051029 11.846958 1.385951 0.997088
Cyclist -1 -1 2.985725 354.160278 148.178345 400.276917 199.956146 1.730853 0.567193 1.429195 -8.084169 0.641556 24.930593 2.672157 0.996114
Pedestrian -1 -1 -2.256382 444.856720 145.654297 482.589722 220.353821 1.747772 0.510091 0.766401 -3.510360 0.919294 17.297210 -2.456606 0.994787
Pedestrian -1 -1 -0.937354 684.847839 148.201233 716.626770 214.775223 1.645269 0.446728 0.821595 2.450121 0.835798 18.434913 -0.805222 0.987341
