Car -1 -1 1.481959 530.995300 175.718597 604.919067 230.954010 1.535751 1.624901 4.188822 -1.005240 1.375294 22.699998 1.437705 0.999939
Pedestrian -1 -1 -2.949476 865.867249 154.307419 939.245667 314.562866 1.671205 0.511783 0.644354 3.273489 1.388274 7.893319 -2.556348 0.999759
Pedestrian -1 -1 -1.334973 673.096375 166.375732 747.060486 323.696564 1.638742 0.683440 0.842375 1.158481 1.485917 8.026748 -1.191635 0.999740
Pedestrian -1 -1 3.001800 940.662659 157.664597 1085.202515 408.573120 1.719766 0.628744 0.845017 2.997715 1.559791 5.387049 -2.773590 0.999683
Pedestrian -1 -1 -1.326693 748.026001 166.755936 800.061768 283.011597 1.689420 0.650531 0.657382 2.599262 1.479638 11.008165 -1.094819 0.999371
Pedestrian -1 -1 -1.256733 791.107361 164.608643 886.799500 365.879456 1.658483 0.625707 0.899856 2.059310 1.509290 6.427478 -0.946675 0.999149
Cyclist -1 -1 -1.966953 483.192352 159.203781 552.994812 274.487518 1.838902 0.516115 1.788781 -1.501339 1.490595 12.408474 -2.087361 0.998163
Pedestrian -1 -1 0.822467 974.588135 121.600304 1222.426758 537.457397 1.725743 0.615380 0.699311 2.221838 1.466667 3.394057 1.402088 0.980238
Pedestrian -1 -1 -1.225527 832.988037 167.467682 903.681946 327.384094 1.648362 0.571391 0.582852 2.864912 1.515037 7.847574 -0.875491 0.937826
Pedestrian -1 -1 -1.787166 432.873352 162.570038 484.568451 286.582062 1.742283 0.592685 1.031081 -2.219355 1.489972 10.981785 -1.986575 0.896617
