Car -1 -1 1.820618 398.148834 161.853333 492.233887 228.497726 1.633497 1.655456 3.926260 -4.263258 1.110640 20.042876 1.611034 0.999962
Pedestrian -1 -1 -3.046489 1062.939941 148.892105 1160.282837 308.868408 1.739543 0.496412 0.858946 5.719571 1.381794 8.126139 -2.433184 0.999750
Pedestrian -1 -1 -1.207867 714.757446 168.832016 789.509033 332.037018 1.564539 0.556852 0.692953 1.449799 1.429256 7.187459 -1.008826 0.999744
Pedestrian -1 -1 0.924125 1107.688843 143.350983 1203.999756 297.454651 1.840147 0.452332 0.961678 6.720112 1.378656 8.787913 1.576967 0.999730
Pedestrian -1 -1 -2.671744 276.888367 164.671875 340.084076 279.098175 1.681937 0.676946 0.710103 -4.611361 1.445010 11.196791 -3.062421 0.999311
Pedestrian -1 -1 1.977490 1006.385437 149.945984 1080.360718 299.411682 1.730229 0.545169 0.665931 5.319440 1.358164 8.716665 2.525420 0.999280
Pedestrian -1 -1 -1.585266 807.798889 152.940872 876.935364 332.342865 1.661043 0.628285 0.737090 2.297153 1.384762 7.006342 -1.268443 0.998052
Pedestrian -1 -1 -1.992975 364.878723 169.640778 397.537872 244.838531 1.572108 0.463382 0.561669 -4.729692 1.312836 15.279485 -2.293165 0.982726
Car -1 -1 1.533261 518.705017 155.672638 561.517334 199.427277 1.808213 1.696943 3.794628 -2.791213 0.679272 32.635716 1.447942 0.903943
Cyclist -1 -1 1.814171 617.310547 163.583771 656.826721 238.062897 1.732273 0.567205 1.493248 0.829988 1.316955 17.911425 1.860476 0.885549
Cyclist -1 -1 1.941260 371.269592 167.447235 437.369049 267.047211 1.610223 0.519264 1.589105 -3.416500 1.383877 12.327730 1.670906 0.755512
