Pedestrian -1 -1 1.087081 277.269989 151.668198 380.038971 361.906952 1.801205 0.694134 0.697025 -2.541419 1.547317 6.639298 0.721504 0.999844
Pedestrian -1 -1 1.197220 610.033081 163.360260 682.619385 304.459259 1.700807 0.590737 0.947242 0.508755 1.474106 9.027338 1.253518 0.999487
Pedestrian -1 -1 0.136902 896.662231 130.779114 1033.897583 354.083954 1.829153 0.622020 0.994132 3.228313 1.405797 6.442191 0.601446 0.998567
Pedestrian -1 -1 -2.690793 986.829224 136.437302 1121.999756 379.522461 1.748963 0.645987 0.754024 3.467232 1.428214 5.652093 -2.140548 0.998145
Pedestrian -1 -1 1.744208 579.186523 167.338715 603.053894 229.141785 1.785206 0.625121 0.624507 -0.339283 1.374544 21.245188 1.728239 0.995584
Pedestrian -1 -1 1.690567 473.445160 173.995773 494.275665 229.711578 1.693687 0.547358 0.867052 -3.728717 1.474679 22.618792 1.527186 0.959296
Cyclist -1 -1 1.707698 408.481598 174.164001 477.178375 332.472504 1.744700 0.564862 1.602655 -1.976208 1.680661 8.783284 1.486387 0.958288
Cyclist -1 -1 0.310337 823.013367 120.442596 1080.592285 439.249939 1.883615 0.519560 1.685885 2.433035 1.518746 5.099185 0.755531 0.914181
Pedestrian -1 -1 1.450996 485.154785 171.470673 507.377106 226.154968 1.706363 0.628738 0.864241 -3.403857 1.397054 23.107880 1.304745 0.889022
Pedestrian -1 -1 1.522750 549.553284 166.934616 571.978394 227.434830 1.760544 0.641005 0.771721 -1.269151 1.327441 21.721957 1.464389 0.887729
Pedestrian -1 -1 -2.919270 590.156433 173.215881 611.309387 227.677979 1.702193 0.572163 0.572465 -0.056827 1.417921 22.568198 -2.921788 0.838337
