Car -1 -1 1.748055 381.017609 158.154007 476.763123 230.644165 1.638639 1.723232 3.922565 -4.363040 1.063042 18.511321 1.516583 0.999988
Pedestrian -1 -1 2.051276 1079.504272 142.030975 1193.559570 340.132050 1.772084 0.558427 0.796278 5.039521 1.413384 6.827603 2.687123 0.999676
Pedestrian -1 -1 -0.109013 194.561798 163.471344 260.499451 289.630371 1.743927 0.563202 0.797480 -5.526124 1.499089 10.528973 -0.592342 0.999555
Pedestrian -1 -1 -3.014976 1130.524292 139.271210 1230.596924 328.860809 1.759185 0.519553 0.712330 5.675288 1.360461 7.101260 -2.340726 0.999406
Pedestrian -1 -1 -2.033910 264.285797 167.271271 337.403442 310.633667 1.669632 0.519604 0.824458 -3.682372 1.503614 8.703882 -2.434147 0.999351
Pedestrian -1 -1 2.457347 981.196411 131.487411 1081.975952 281.322571 1.865431 0.484052 1.055149 5.483760 1.241504 9.239068 2.993003 0.999326
Pedestrian -1 -1 1.364042 687.880554 159.437683 753.408325 305.640930 1.700057 0.622400 0.836016 1.381519 1.436029 8.715158 1.521253 0.999272
Pedestrian -1 -1 -1.446217 757.574341 152.804886 820.523071 307.305634 1.724192 0.582092 0.894756 2.147789 1.403659 8.434156 -1.196864 0.998811
Pedestrian -1 -1 1.233902 232.256287 164.135239 297.795746 302.322052 1.738094 0.561752 0.711071 -4.436639 1.505517 9.356057 0.791107 0.996350
Pedestrian -1 -1 1.205158 601.261597 162.084152 638.975342 238.394867 1.709376 0.651911 0.711922 0.387395 1.261373 16.423634 1.228742 0.992254
