Pedestrian -1 -1 0.026527 599.265991 132.850128 663.173340 275.398315 1.868392 0.571452 0.855047 0.318185 1.236524 9.754885 0.059134 0.999609
Pedestrian -1 -1 1.965943 571.857178 131.896759 636.708557 283.551941 1.886608 0.596277 0.901041 -0.063423 1.278163 9.302508 1.959126 0.999438
Pedestrian -1 -1 0.035893 653.386230 138.897446 711.213135 270.304474 1.714751 0.473714 0.753209 1.004830 1.162224 9.629388 0.139867 0.999231
Pedestrian -1 -1 1.340232 547.264160 141.233337 573.356995 210.716171 1.747969 0.522096 0.752917 -1.208429 0.751810 18.477447 1.274924 0.999105
Pedestrian -1 -1 -1.178716 461.602814 144.380219 490.877625 211.252869 1.733513 0.524424 0.778727 -3.479928 0.788597 18.908631 -1.360718 0.998433
Pedestrian -1 -1 1.801765 487.092041 142.238281 516.665039 212.286194 1.804154 0.561802 0.837252 -2.738270 0.801266 18.474008 1.654614 0.997691
Pedestrian -1 -1 1.375730 521.833069 142.552338 550.289856 213.633392 1.723738 0.560309 0.799879 -1.765575 0.794909 17.658380 1.276076 0.997315
Pedestrian -1 -1 2.293492 428.286163 145.172104 459.919830 209.762131 1.790288 0.543463 0.798437 -4.695308 0.798150 20.397304 2.067240 0.965681
Cyclist -1 -1 2.404105 392.554016 144.478485 438.804291 208.479263 1.815216 0.527805 1.435483 -5.790754 0.760030 21.426967 2.140155 0.964873
Pedestrian -1 -1 0.613302 1064.716919 137.938690 1320.880127 573.844971 1.712604 0.570529 0.697909 2.648573 1.570660 3.297722 1.289962 0.953803
Pedestrian -1 -1 0.052652 1041.792358 132.946411 1189.568970 494.880859 1.697314 0.576139 0.608996 2.534089 1.450479 3.616718 0.663821 0.921507
