Pedestrian -1 -1 0.714506 767.641418 133.231201 906.452820 404.830139 1.786230 0.601715 0.716278 1.595744 1.473427 5.053582 1.020362 0.999812
Pedestrian -1 -1 1.263283 677.821228 142.303329 739.864502 282.429169 1.779820 0.584835 0.761967 1.324469 1.292200 9.346157 1.404058 0.999765
Pedestrian -1 -1 2.076458 878.210815 127.350647 994.859436 399.572937 1.799283 0.547598 0.596973 2.266924 1.430853 4.977187 2.503846 0.999732
Pedestrian -1 -1 1.947742 476.847748 135.467636 543.408508 276.468445 1.821580 0.612385 0.940204 -1.324962 1.224774 9.563734 1.810078 0.999409
Pedestrian -1 -1 -1.209142 640.236572 137.801010 702.270081 280.231812 1.782079 0.575107 0.869890 0.812227 1.233908 9.249373 -1.121552 0.999229
Pedestrian -1 -1 1.227992 536.202515 135.195648 596.883667 270.015259 1.852369 0.621220 0.975664 -0.597528 1.212662 10.269505 1.169873 0.998979
Pedestrian -1 -1 -1.234255 591.406128 141.311844 648.554810 266.772369 1.746551 0.578698 0.983145 0.168155 1.189795 10.322153 -1.217966 0.998633
Pedestrian -1 -1 -0.815327 1023.362915 174.950241 1078.218262 264.647308 1.693318 0.587932 0.705873 8.834456 1.607292 14.110860 -0.255955 0.998208
Pedestrian -1 -1 1.877645 572.026123 141.836121 608.851318 236.209869 1.760961 0.491560 0.732951 -0.304555 1.013620 13.646141 1.855330 0.997565
Pedestrian -1 -1 -0.027906 508.167999 141.117935 565.071411 271.675690 1.762705 0.593762 0.822459 -1.043915 1.217567 10.154176 -0.130353 0.997439
Pedestrian -1 -1 2.008272 463.637573 146.502914 498.001038 231.199158 1.802068 0.530245 0.683290 -2.788885 1.065015 15.607350 1.831448 0.977505
Cyclist -1 -1 0.727233 355.377197 146.716232 400.567535 201.240463 1.801540 0.570874 1.436395 -7.845925 0.671846 24.294053 0.414850 0.948509
Pedestrian -1 -1 1.999901 616.477783 139.346085 654.192566 234.688019 1.711872 0.485484 0.723719 0.530188 0.970741 13.478141 2.039217 0.898855
Pedestrian -1 -1 2.993779 767.741455 147.621796 815.709351 266.160950 1.740319 0.426437 0.662999 2.880447 1.263969 11.093917 -3.035373 0.843084
