Car -1 -1 1.481045 488.259399 175.288727 571.572998 236.365524 1.484811 1.638795 4.114746 -1.960362 1.338858 20.130759 1.383970 0.999989
Pedestrian -1 -1 -0.021857 553.604980 159.212402 616.929626 312.296265 1.718965 0.656229 0.742117 -0.231268 1.457908 8.394078 -0.049401 0.999727
Pedestrian -1 -1 -1.053665 920.717346 154.710480 1065.723267 430.748016 1.654844 0.610600 0.761527 2.508640 1.496180 4.767752 -0.569303 0.999649
Pedestrian -1 -1 0.006374 652.419861 163.659531 703.645081 276.302643 1.675683 0.720885 0.761011 1.131520 1.391475 11.027848 0.108622 0.999530
Pedestrian -1 -1 -1.856854 692.836365 164.633987 743.534729 276.504608 1.666661 0.593773 0.852350 1.792126 1.403056 11.277816 -1.699264 0.998293
Pedestrian -1 -1 -1.896907 726.517944 165.063644 800.829956 331.055267 1.709689 0.563698 0.930304 1.765665 1.540363 8.058108 -1.681199 0.997407
Pedestrian -1 -1 -1.199412 771.360962 156.683762 843.046997 326.018494 1.729696 0.495933 0.894374 2.240152 1.485513 7.985740 -0.925922 0.995449
Pedestrian -1 -1 -0.096197 876.402161 150.688416 1000.942810 405.164581 1.732597 0.628202 0.738599 2.397798 1.506685 5.248055 0.332374 0.994763
Pedestrian -1 -1 0.267675 610.219727 165.111633 634.742065 218.021332 1.707125 0.672157 0.683777 0.677277 1.177925 24.101777 0.295768 0.987484
Cyclist -1 -1 2.274338 116.549744 182.592270 336.147980 403.643127 1.568366 0.601937 2.045107 -3.079542 1.611009 6.208457 1.813877 0.968764
Pedestrian -1 -1 -0.397389 637.067200 169.065887 659.924988 219.629929 1.633650 0.675128 0.546762 1.550134 1.227286 24.077511 -0.333097 0.965803
Pedestrian -1 -1 0.423773 624.545715 167.646957 646.606995 216.143555 1.642090 0.640853 0.558290 1.194163 1.183265 25.437014 0.470684 0.923286
