Pedestrian -1 -1 -1.186165 925.975586 146.290955 1081.512085 405.918182 1.756093 0.786739 0.782326 2.923521 1.518072 5.335232 -0.684885 0.999263
Pedestrian -1 -1 2.400144 1007.228394 120.519005 1150.766357 341.375977 1.873571 0.602405 0.916889 4.203695 1.345491 6.439374 2.978492 0.999233
Pedestrian -1 -1 1.994502 667.983459 159.829178 697.747437 227.415466 1.814693 0.606707 0.705672 2.219458 1.225967 19.917527 2.105477 0.999196
Pedestrian -1 -1 1.857074 497.737762 160.440826 539.123047 258.853973 1.802002 0.604610 0.751882 -1.622519 1.418264 13.723034 1.739387 0.999027
Pedestrian -1 -1 1.253339 469.969635 164.144257 508.574890 257.199310 1.772791 0.572673 0.722051 -2.274653 1.436678 14.327773 1.095895 0.998665
Pedestrian -1 -1 1.763390 634.881409 158.750229 666.423340 234.482010 1.841336 0.670903 0.760381 1.190128 1.288015 17.922598 1.829697 0.997821
Pedestrian -1 -1 1.824396 626.253235 161.894577 650.384521 225.478745 1.824526 0.582177 0.615629 1.060768 1.236156 21.220282 1.874343 0.979147
Pedestrian -1 -1 1.738966 617.443054 161.746704 638.444397 218.809265 1.832905 0.599878 0.589930 0.850599 1.193969 23.683804 1.774866 0.907693
Pedestrian -1 -1 -1.461646 585.505127 164.562698 612.295410 235.591141 1.771068 0.618640 0.764082 -0.089352 1.368405 18.604210 -1.466448 0.877617
Cyclist -1 -1 1.078067 685.356689 159.021225 741.566650 250.806335 1.796512 0.510748 1.457752 2.222108 1.331904 14.680881 1.228287 0.859508
