Pedestrian -1 -1 1.059564 584.772400 141.404129 627.591431 236.304352 1.710621 0.481621 0.758737 -0.025240 0.986058 13.017717 1.057625 0.999562
Pedestrian -1 -1 -1.987765 478.116272 143.499313 517.927307 231.795212 1.700170 0.516445 0.763860 -2.129103 0.964831 13.806777 -2.140767 0.999539
Pedestrian -1 -1 2.040217 673.280518 137.680145 728.342590 265.782074 1.730862 0.524851 0.743128 1.295773 1.144358 9.983077 2.169292 0.999474
Pedestrian -1 -1 -1.182880 503.842499 140.964218 544.108154 231.560394 1.754984 0.539035 0.818326 -1.654718 0.967926 14.113276 -1.299592 0.999459
Pedestrian -1 -1 1.221151 613.503906 137.714264 671.473083 270.361908 1.796376 0.573289 0.861962 0.482879 1.202245 9.985157 1.269473 0.999335
Pedestrian -1 -1 -1.119681 554.045044 141.120468 596.914856 239.664154 1.727842 0.514607 0.789295 -0.587640 1.009771 12.847930 -1.165387 0.999109
Pedestrian -1 -1 -2.001106 526.834106 142.897812 562.120483 226.887634 1.690100 0.465564 0.744937 -1.313720 0.899619 14.826092 -2.089483 0.997901
Pedestrian -1 -1 2.915005 436.643402 137.576630 495.641174 244.305908 1.885375 0.631796 0.986615 -2.640470 1.105250 13.249899 2.718300 0.996411
Cyclist -1 -1 2.636285 394.170959 147.458618 440.488525 207.306183 1.801057 0.500693 1.478065 -6.088182 0.790783 22.655593 2.373760 0.985939
Pedestrian -1 -1 1.744693 1075.847778 124.080261 1309.175049 562.652039 1.741161 0.716805 0.648432 2.813410 1.554698 3.415090 2.433789 0.983996
