Pedestrian -1 -1 2.765354 747.820984 149.544876 853.200867 358.009796 1.735464 0.682608 0.707207 1.708589 1.464148 6.432892 3.024962 0.999679
Pedestrian -1 -1 1.834065 470.886292 168.319580 501.916870 240.778793 1.723622 0.607436 0.751433 -2.907756 1.424266 17.926579 1.673262 0.998528
Pedestrian -1 -1 2.280887 231.010666 190.430450 342.986176 419.765930 1.540044 0.463784 0.684276 -2.274818 1.598102 5.222605 1.870097 0.996993
Pedestrian -1 -1 -0.042092 493.883087 166.741379 526.732971 239.914017 1.720685 0.626991 0.776072 -2.291938 1.383016 17.733311 -0.170624 0.994867
Pedestrian -1 -1 -2.895018 947.552490 129.981964 1048.264160 283.983734 1.951109 0.475175 1.101687 5.201771 1.290886 9.545710 -2.396073 0.994568
Pedestrian -1 -1 0.379407 651.756104 165.634689 675.615662 223.344879 1.768244 0.647233 0.558177 1.943867 1.276758 22.739276 0.464685 0.994114
Pedestrian -1 -1 0.035607 600.268616 164.198853 628.190735 232.416214 1.781944 0.658790 0.734897 0.317692 1.329659 19.419228 0.051965 0.993312
Pedestrian -1 -1 1.806287 634.563354 166.241409 658.326965 225.626846 1.753047 0.628808 0.549498 1.324253 1.299159 21.717980 1.867186 0.993298
Pedestrian -1 -1 2.188823 171.074066 204.705856 277.277069 423.632812 1.433335 0.392835 0.548388 -2.629883 1.577208 4.970070 1.702133 0.989393
Pedestrian -1 -1 -1.666496 562.883667 165.330627 588.062256 232.031647 1.744079 0.610082 0.785895 -0.748165 1.321105 19.653067 -1.704546 0.969746
Pedestrian -1 -1 1.123086 667.029663 161.020706 698.415344 225.485458 1.883618 0.679233 0.777106 2.392214 1.289578 21.524317 1.233772 0.894105
Car -1 -1 1.447242 529.671997 172.862228 561.145020 197.234787 1.501231 1.593979 3.806942 -3.773798 0.962203 48.457459 1.369520 0.794005
