Car -1 -1 1.730304 377.441986 158.502258 472.647430 232.696152 1.705731 1.758283 3.979199 -4.517273 1.127563 18.716410 1.493479 0.999985
Car -1 -1 1.708693 462.531311 164.037292 559.620605 244.613159 1.660442 1.693147 3.971792 -2.066492 1.273526 16.988240 1.587645 0.999984
Pedestrian -1 -1 2.768605 76.364304 158.182022 200.716187 382.263428 1.746903 0.621338 0.701288 -3.934361 1.570258 6.040210 2.191273 0.999769
Pedestrian -1 -1 2.426159 852.418518 145.737671 978.598938 339.200134 1.758194 0.528801 1.049246 2.985718 1.427431 6.898823 2.834607 0.999549
Pedestrian -1 -1 -2.267281 1010.083130 148.352570 1127.526978 328.758942 1.801432 0.534472 0.925221 4.828737 1.461897 7.523299 -1.696665 0.999526
Pedestrian -1 -1 1.940057 594.875854 158.631653 650.218933 268.107849 1.779511 0.714182 0.868674 0.320396 1.405503 12.379804 1.965932 0.999090
Pedestrian -1 -1 -0.619564 258.404419 165.926575 314.241028 258.493286 1.696961 0.641616 0.730387 -6.003423 1.415631 13.603110 -1.035183 0.999049
Pedestrian -1 -1 0.251870 768.292419 150.602661 832.081665 254.785629 1.714276 0.572246 0.980919 3.376652 1.198818 12.406407 0.517603 0.998497
Pedestrian -1 -1 -1.697121 1132.726562 148.943130 1226.750610 338.523621 1.865080 0.652651 0.659043 6.022653 1.549245 7.547359 -1.023612 0.994816
Pedestrian -1 -1 -1.726277 664.450073 159.840591 709.379150 267.280853 1.694885 0.612374 0.869299 1.357683 1.345107 11.889619 -1.612579 0.989601
Pedestrian -1 -1 1.819043 643.441101 162.665405 681.788635 257.529236 1.666039 0.554805 0.742704 1.092102 1.333962 13.310358 1.900908 0.988372
