Car -1 -1 2.015271 125.339256 201.801453 337.357269 323.094757 1.492528 1.562842 3.599874 -5.858885 2.024340 11.569277 1.546502 0.999995
Car -1 -1 1.888438 300.154785 193.864655 422.855743 266.674042 1.414353 1.616330 4.109865 -5.949235 1.997967 17.616770 1.562760 0.999992
Car -1 -1 -1.762071 693.943420 173.740585 785.013550 237.948288 1.548229 1.670311 3.927172 3.408594 1.588237 19.745330 -1.591128 0.999975
Car -1 -1 1.883325 397.490631 189.280472 481.267914 238.318497 1.464805 1.673255 4.087346 -5.949464 2.102271 25.475053 1.653896 0.999947
Car -1 -1 2.426125 976.917664 138.558090 1242.028687 226.435150 1.588466 1.676726 4.291805 9.560030 0.937596 14.089216 3.022300 0.998667
Car -1 -1 2.377216 -399.859619 215.640533 196.457504 475.094269 1.443917 1.554723 3.685102 -5.666043 1.913867 6.484728 1.659094 0.998182
Car -1 -1 -2.054792 644.517822 177.322220 703.868591 207.675446 1.487050 1.671001 3.712137 3.375530 1.773220 38.602505 -1.967570 0.996122
Car -1 -1 1.939910 442.727936 184.643250 500.667664 221.870560 1.575652 1.548437 3.627296 -6.591699 2.192327 34.623055 1.751777 0.952196
Car -1 -1 1.218361 485.742920 184.904541 528.953369 212.690842 1.483017 1.534807 3.437268 -6.078906 2.238560 42.701710 1.076953 0.947574
Car -1 -1 2.604673 837.774414 155.664886 1019.063110 217.513992 1.580543 1.625673 4.291875 8.767479 1.140002 20.027474 3.017312 0.913030
