Pedestrian -1 -1 2.302761 725.265442 148.179367 773.798645 247.749832 1.594802 0.452222 0.738576 2.363744 1.071408 11.857996 2.499520 0.998976
Pedestrian -1 -1 1.872207 510.911285 140.484177 538.519470 217.485657 1.736435 0.481338 0.673767 -1.911734 0.830034 16.416013 1.756273 0.998313
Pedestrian -1 -1 1.744429 555.587036 147.620132 595.097595 250.647217 1.623045 0.556888 0.748775 -0.536291 1.085896 11.616352 1.698295 0.998004
Pedestrian -1 -1 1.363237 524.970886 140.298172 554.580139 221.914062 1.757612 0.512637 0.694678 -1.503482 0.880898 15.733865 1.267969 0.997030
Pedestrian -1 -1 1.778983 590.226807 151.545746 630.313293 252.841782 1.620366 0.553001 0.757695 0.037893 1.144808 11.882323 1.782172 0.996635
Pedestrian -1 -1 -2.010420 435.564331 142.568680 478.882233 225.690170 1.861960 0.666118 0.930391 -3.493532 0.982210 16.523351 -2.218781 0.995863
Pedestrian -1 -1 1.317971 469.897064 141.788544 505.008972 220.943008 1.737967 0.589176 0.878055 -2.739614 0.868936 16.210588 1.150551 0.994888
Pedestrian -1 -1 -0.099770 647.351990 145.744614 675.082458 209.306107 1.644513 0.495780 0.701197 1.479402 0.721636 19.117536 -0.022539 0.980212
Cyclist -1 -1 0.769177 348.000519 144.665588 393.358948 199.516510 1.801009 0.577348 1.434987 -8.088911 0.614510 24.244163 0.447147 0.962922
Cyclist -1 -1 -2.163119 394.816284 146.780319 433.362396 204.037384 1.762021 0.540293 1.251994 -6.281152 0.702207 22.990445 -2.429817 0.770216
Pedestrian -1 -1 1.949989 488.452881 143.349945 513.501709 208.749069 1.739881 0.501833 0.626245 -2.926072 0.730860 19.650218 1.802168 0.765618
