Car -1 -1 1.765140 395.685211 158.987030 490.069672 229.001724 1.672813 1.736811 3.996725 -4.234179 1.086983 19.550948 1.551862 0.999985
Pedestrian -1 -1 2.134483 1083.227051 141.324509 1193.780273 331.367706 1.785986 0.551547 0.756387 5.252495 1.399569 7.093267 2.771870 0.999730
Pedestrian -1 -1 -2.085979 230.273270 167.617233 296.434906 282.404694 1.705459 0.633501 0.785727 -5.344847 1.506168 11.261304 -2.529117 0.999533
Pedestrian -1 -1 1.470986 797.119751 151.190781 863.363037 316.501068 1.745661 0.609587 0.820276 2.532796 1.423768 8.125458 1.773152 0.999061
Pedestrian -1 -1 1.415868 714.335754 163.797577 780.343933 317.734467 1.585707 0.576312 0.780442 1.499362 1.386136 7.701442 1.608149 0.998681
Pedestrian -1 -1 1.268437 768.788452 162.965775 817.693665 273.537750 1.621849 0.553642 0.724772 2.922117 1.345001 11.113950 1.525541 0.998000
Pedestrian -1 -1 1.116761 348.835144 169.033768 405.355347 279.388580 1.588842 0.449585 0.961679 -3.359182 1.387609 10.647325 0.811149 0.973603
Pedestrian -1 -1 -2.055736 325.165100 170.568527 367.124878 262.103485 1.642644 0.457780 0.748228 -4.854365 1.455317 13.556227 -2.399601 0.957773
Pedestrian -1 -1 -1.315612 618.048096 162.226242 650.935364 236.935135 1.667707 0.582995 0.848175 0.713029 1.214000 16.452933 -1.272302 0.949166
Car -1 -1 -1.482027 522.417542 153.395782 569.311279 200.738022 1.821427 1.645000 3.443324 -2.310615 0.671326 30.228158 -1.558318 0.915253
