Pedestrian -1 -1 1.066107 703.860718 163.239044 789.455627 347.538086 1.563759 0.482231 0.652656 1.196795 1.413503 6.322625 1.253181 0.999843
Pedestrian -1 -1 0.292427 764.700439 157.592224 852.000854 343.840271 1.642136 0.509592 0.706296 1.840355 1.441232 6.630909 0.563155 0.999816
Pedestrian -1 -1 -2.037835 623.301331 142.200912 657.915771 223.306137 1.683109 0.456282 0.769849 0.729741 0.876314 15.319988 -1.990238 0.999143
Pedestrian -1 -1 1.251529 582.260803 139.939178 629.947632 242.816071 1.693036 0.572856 0.875078 -0.031666 1.007356 12.127549 1.248918 0.998915
Pedestrian -1 -1 -1.237510 536.750000 136.048157 587.496521 245.328430 1.765363 0.606495 0.908625 -0.759702 1.019971 11.824037 -1.301672 0.998820
Pedestrian -1 -1 1.925974 510.451996 138.066284 562.294556 249.604416 1.770483 0.597493 0.944893 -1.181123 1.068956 11.664608 1.825061 0.998448
Pedestrian -1 -1 -2.947324 466.504639 148.044342 491.030060 204.543671 1.677084 0.453615 0.671131 -3.905872 0.711077 21.693667 -3.125462 0.995870
Pedestrian -1 -1 -0.061264 497.310242 142.663910 531.400085 217.636185 1.772325 0.526737 0.776799 -2.279557 0.857154 17.343238 -0.191953 0.989445
Cyclist -1 -1 2.690632 389.557678 148.086731 432.886536 203.904404 1.757062 0.525913 1.389555 -6.544133 0.715785 23.636407 2.420531 0.968715
Cyclist -1 -1 0.954228 411.329681 150.153976 454.055573 207.681290 1.733572 0.545810 1.425426 -5.599407 0.791103 22.680326 0.712184 0.836635
