Car -1 -1 1.709229 558.593201 179.333389 604.394165 212.793274 1.445390 1.705643 4.282183 -0.947669 1.387602 35.550175 1.682578 0.999700
Pedestrian -1 -1 0.293419 836.612183 164.722534 880.965881 257.557312 1.729828 0.612974 0.685997 4.976305 1.422817 14.023565 0.634411 0.999354
Pedestrian -1 -1 1.296658 802.426208 165.083954 844.706421 255.054855 1.733002 0.624021 0.791780 4.435174 1.419356 14.495032 1.593591 0.999276
Pedestrian -1 -1 -0.385505 415.654724 167.545792 459.351410 265.853760 1.678297 0.602769 0.574849 -2.954398 1.443520 12.761752 -0.613001 0.999243
Pedestrian -1 -1 1.765485 725.126587 169.751923 777.479004 288.574554 1.675285 0.622954 0.940432 2.184225 1.508526 10.693561 1.966970 0.998402
Cyclist -1 -1 -1.777655 637.802795 167.952560 676.501038 243.581970 1.793920 0.583526 1.811777 1.359726 1.476586 18.062712 -1.702519 0.987477
Pedestrian -1 -1 1.567395 701.965942 170.518768 751.956909 287.513000 1.640386 0.679991 0.965964 1.797351 1.481678 10.579578 1.735677 0.987077
Pedestrian -1 -1 2.160981 358.492310 174.330368 411.773804 266.385834 1.586767 0.560366 0.800810 -3.897002 1.460454 12.845686 1.866434 0.937924
Pedestrian -1 -1 1.278843 774.347778 165.573456 811.814087 248.618958 1.774566 0.615830 0.830763 4.346976 1.453859 16.444943 1.537267 0.936613
Pedestrian -1 -1 1.575390 693.009766 174.367737 728.443176 265.431305 1.588865 0.639318 0.836323 2.025003 1.512885 13.587981 1.723330 0.757168
