Pedestrian -1 -1 -2.819474 827.907837 148.815475 896.574341 301.831268 1.705203 0.510734 0.621365 2.956541 1.347847 8.247654 -2.475273 0.999834
Pedestrian -1 -1 0.042579 675.233704 138.082733 743.872986 300.613251 1.848565 0.630294 0.810051 1.212037 1.365524 8.514621 0.183976 0.999746
Pedestrian -1 -1 0.254945 898.172791 146.410934 970.598450 305.609344 1.831460 0.563154 0.687075 3.968495 1.442866 8.625240 0.686168 0.999734
Pedestrian -1 -1 -0.461279 740.581238 145.274033 810.064209 301.251862 1.782682 0.543737 0.647813 1.981574 1.372624 8.427900 -0.230352 0.999649
Pedestrian -1 -1 1.245247 484.849854 136.725449 555.005371 291.527161 1.834377 0.629218 0.899644 -1.109600 1.303438 8.797208 1.119778 0.999618
Pedestrian -1 -1 -2.051261 557.532837 133.986481 624.083374 278.036438 1.890621 0.594432 0.901408 -0.242120 1.277056 9.816433 -2.075921 0.999600
Pedestrian -1 -1 0.049512 617.544678 140.280304 680.540222 274.324524 1.781427 0.555985 0.908197 0.565139 1.236601 9.817272 0.107015 0.999525
Pedestrian -1 -1 1.256781 528.796204 141.266098 592.256042 281.270752 1.817023 0.600045 0.894576 -0.675427 1.283849 9.622193 1.186701 0.998825
Pedestrian -1 -1 0.348604 914.464233 144.420288 1089.782837 477.420135 1.701405 0.728904 0.675139 2.212126 1.515598 4.040429 0.849524 0.998010
Pedestrian -1 -1 1.951252 982.741821 113.517883 1175.835693 483.269989 1.773398 0.628953 0.728886 2.389480 1.421080 3.667270 2.528729 0.995271
Pedestrian -1 -1 -1.019723 239.674759 136.886292 313.512421 273.242798 1.890563 0.550711 1.021114 -4.874097 1.270953 10.418605 -1.457302 0.972808
Pedestrian -1 -1 -2.049265 588.102722 140.254807 651.008850 275.180023 1.808380 0.546523 0.832929 0.140064 1.250151 9.938067 -2.035172 0.887456
Pedestrian -1 -1 1.221468 472.782196 143.831879 512.677063 240.133148 1.829687 0.563071 0.826228 -2.333875 1.120767 14.426909 1.061085 0.761375
