Pedestrian -1 -1 -0.909747 800.711670 133.852493 930.536072 382.354279 1.777849 0.572833 0.786482 1.931092 1.429482 5.393688 -0.565939 0.999816
Pedestrian -1 -1 2.396498 885.383179 140.212585 1009.010864 354.678223 1.761389 0.594494 0.788994 2.964877 1.429208 6.257922 2.838950 0.999808
Pedestrian -1 -1 1.847200 563.126221 139.312897 605.138550 240.429153 1.749240 0.581349 0.852233 -0.430276 1.007786 12.784823 1.813557 0.999271
Pedestrian -1 -1 -1.985400 482.146576 145.214294 523.229126 225.121887 1.737759 0.588196 0.938322 -2.314707 0.947409 15.719389 -2.131601 0.998969
Pedestrian -1 -1 -2.816239 458.706451 145.451797 494.974304 216.829865 1.770737 0.569678 0.791532 -3.330218 0.893359 18.150344 -2.997700 0.998936
Pedestrian -1 -1 1.880081 601.745605 136.978348 644.042358 236.242004 1.731891 0.571493 0.840295 0.277261 0.939672 12.938217 1.901507 0.997748
Pedestrian -1 -1 1.900680 521.503174 144.650452 559.698547 226.759521 1.660530 0.557158 0.944100 -1.399280 0.904068 14.823491 1.806563 0.997193
Pedestrian -1 -1 0.969193 679.628723 149.059540 711.020264 212.143494 1.632156 0.492727 0.753138 2.413890 0.804565 19.285596 1.093710 0.987018
Pedestrian -1 -1 2.238870 429.839325 146.963669 480.724915 236.987686 1.806780 0.580240 0.989663 -3.223237 1.128566 15.051380 2.027908 0.983177
Pedestrian -1 -1 1.284229 542.419250 141.816025 577.107849 224.397125 1.729557 0.563251 0.827021 -1.043796 0.874920 15.669172 1.217712 0.981211
Cyclist -1 -1 0.957960 406.381470 149.372040 441.303192 202.854446 1.800603 0.556862 1.177929 -6.318218 0.760657 24.437596 0.704955 0.961040
