Car -1 -1 2.139170 59.718513 201.581985 312.944916 339.738892 1.470203 1.537435 3.380409 -5.740762 1.953770 10.238982 1.628167 0.999994
Car -1 -1 -1.764485 698.879700 175.061844 800.974670 242.789673 1.507412 1.693550 4.018296 3.396828 1.577257 18.276490 -1.580724 0.999993
Car -1 -1 1.910260 277.834320 193.939133 411.590912 271.141388 1.399370 1.567500 4.116648 -5.952306 1.957561 16.589139 1.565761 0.999990
Car -1 -1 1.880289 390.066498 188.597824 474.853546 242.192383 1.496587 1.620437 3.859020 -5.772807 2.063371 23.688790 1.641255 0.999965
Car -1 -1 2.427525 999.185425 139.395279 1298.096680 233.161377 1.596838 1.716568 4.439343 9.673692 1.007381 13.273485 3.057318 0.999058
Car -1 -1 1.840480 513.440857 180.910706 550.559631 206.374664 1.548917 1.579550 3.564572 -5.214632 2.119564 48.348916 1.733041 0.996443
Car -1 -1 -2.175157 648.310425 178.905975 713.542847 209.569000 1.473477 1.692253 3.660561 3.672346 1.833500 37.936681 -2.078656 0.991878
Car -1 -1 1.875347 442.791779 187.261414 502.554413 226.195114 1.515204 1.574397 3.587341 -5.965668 2.187112 31.565806 1.688559 0.990870
Car -1 -1 1.820260 484.687561 184.071533 527.117310 213.211273 1.487666 1.580414 3.394694 -5.878850 2.164508 40.815842 1.677210 0.974388
Car -1 -1 -2.857164 857.098083 153.590912 1046.424561 216.412949 1.571715 1.694307 4.342448 9.200914 1.079917 19.702698 -2.420273 0.927172
