Pedestrian -1 -1 1.089066 720.182007 142.920837 838.444275 375.416077 1.748281 0.551564 0.909025 1.367668 1.452411 5.819167 1.319904 0.999730
Pedestrian -1 -1 0.155913 621.650085 159.083557 695.985229 290.084900 1.777344 0.602246 0.979725 0.782221 1.470905 10.138358 0.232915 0.999456
Pedestrian -1 -1 1.685226 413.319092 159.274704 477.603271 300.740906 1.739033 0.693219 0.919628 -2.059172 1.454258 9.306706 1.467477 0.999390
Pedestrian -1 -1 -1.169784 531.400818 152.784393 608.925598 320.238373 1.810955 0.596284 1.065855 -0.423164 1.497641 8.442129 -1.219868 0.998880
Pedestrian -1 -1 1.064869 579.893494 157.781097 649.664978 291.798248 1.767091 0.554291 1.002798 0.134362 1.438300 9.877944 1.078470 0.998705
Pedestrian -1 -1 -0.077293 685.089722 153.539597 777.708008 343.990845 1.733505 0.563049 0.805258 1.177787 1.472978 6.990812 0.089616 0.998071
Pedestrian -1 -1 -1.889098 491.622406 163.311142 550.126160 276.356934 1.695335 0.700488 0.969745 -1.336255 1.425969 11.588984 -2.003894 0.997587
Pedestrian -1 -1 1.766482 681.988892 164.570679 701.851013 218.101746 1.806189 0.597345 0.434264 3.068841 1.238569 24.513863 1.891022 0.987207
Pedestrian -1 -1 1.544479 289.429749 154.188217 356.348450 317.462006 1.697953 0.779098 0.897994 -3.169543 1.413732 8.093020 1.171201 0.932194
Pedestrian -1 -1 -1.210459 511.581543 159.365540 575.773804 299.023590 1.750954 0.611918 0.921551 -0.822652 1.474981 9.619797 -1.295768 0.903524
