Pedestrian -1 -1 1.050282 797.866638 137.626190 884.860291 326.356262 1.805027 0.527008 0.737698 2.304918 1.384664 7.100518 1.364164 0.999796
Pedestrian -1 -1 0.407048 699.962097 140.181564 800.559998 341.664093 1.842438 0.558385 0.801670 1.358396 1.471036 6.853811 0.602708 0.999585
Pedestrian -1 -1 1.942388 639.337585 141.662994 693.061951 264.690277 1.740333 0.558041 0.791355 0.847630 1.174406 10.360872 2.024016 0.999413
Pedestrian -1 -1 -0.025401 491.518219 141.777252 543.854431 256.724335 1.762342 0.566078 0.839693 -1.442917 1.151688 11.251333 -0.152949 0.999156
Pedestrian -1 -1 -1.985712 563.164490 143.299088 612.515625 252.256912 1.705784 0.542904 0.812572 -0.328252 1.112726 11.636950 -2.013913 0.999065
Pedestrian -1 -1 1.863628 606.202515 134.848251 657.734070 260.655182 1.802726 0.575244 0.827616 0.356481 1.128535 10.580236 1.897308 0.998912
Pedestrian -1 -1 1.134945 525.505920 140.978790 576.910034 254.834061 1.776088 0.548205 0.846977 -0.922503 1.145387 11.547982 1.055229 0.998909
Pedestrian -1 -1 0.467070 1098.864136 185.626160 1154.012573 269.426453 1.560487 0.488822 0.736447 10.357182 1.697558 14.100784 1.100584 0.995678
Pedestrian -1 -1 -2.780619 453.040009 145.516388 486.948822 226.463593 1.833395 0.555042 0.656852 -3.202059 1.027920 16.498433 -2.972318 0.992570
Pedestrian -1 -1 1.103496 459.872803 137.099106 522.584778 260.520966 1.809714 0.655828 0.884041 -1.773234 1.159778 10.812868 0.940950 0.985450
Pedestrian -1 -1 1.969257 671.375183 147.865112 702.576721 226.764359 1.635089 0.400880 0.820448 1.738990 0.949033 15.369872 2.081920 0.934333
Cyclist -1 -1 1.940684 251.461365 140.656326 331.693176 264.549957 1.778419 0.529457 1.670855 -5.072873 1.193992 11.322215 1.519457 0.842501
Pedestrian -1 -1 -0.680505 767.719849 151.929565 819.133545 270.495941 1.797831 0.462988 0.659528 3.048895 1.366515 11.594036 -0.423356 0.835462
