Car -1 -1 1.885722 210.389938 179.697784 407.624786 306.781158 1.593869 1.637252 4.247534 -4.460829 1.594158 11.568046 1.517676 0.999995
Pedestrian -1 -1 -2.097842 113.130074 159.622543 230.703781 370.859558 1.731693 0.638258 0.695424 -3.819921 1.548941 6.329139 -2.640864 0.999843
Pedestrian -1 -1 -0.852569 184.457245 166.117172 298.590088 364.927368 1.670111 0.602428 0.685253 -3.261678 1.540164 6.467414 -1.319671 0.999671
Pedestrian -1 -1 0.363279 643.008118 163.599823 675.241760 230.963547 1.762429 0.624110 0.725776 1.551717 1.296445 19.770342 0.441606 0.996739
Cyclist -1 -1 -1.669859 428.491882 162.589676 474.019897 258.053925 1.818035 0.678277 1.670724 -3.038744 1.444691 14.372196 -1.878222 0.996680
Pedestrian -1 -1 1.937658 -33.082848 152.710449 124.994865 449.269653 1.764022 0.632981 0.637445 -3.730647 1.610627 4.831196 1.280100 0.996158
Pedestrian -1 -1 2.874464 559.979431 174.567291 587.697632 230.482925 1.722001 0.668280 0.749043 -0.915872 1.505382 22.656636 2.834062 0.975160
Pedestrian -1 -1 -1.757295 496.923950 170.160858 519.289856 214.609406 1.731862 0.726766 1.032109 -3.844647 1.300049 29.427582 -1.887207 0.944077
Pedestrian -1 -1 1.749056 384.135010 165.095795 404.951416 214.177414 1.836293 0.586291 1.026555 -8.042555 1.206922 27.845196 1.467877 0.872357
Pedestrian -1 -1 -0.316896 594.766846 167.315887 630.637695 240.797653 1.793438 0.582346 0.824278 0.238120 1.484909 18.633586 -0.304118 0.800204
