Car -1 -1 1.928049 214.384125 196.106369 383.586517 289.819672 1.405198 1.665680 4.266806 -5.945718 1.934004 14.297909 1.533958 0.999994
Car -1 -1 -1.782943 709.916443 175.619690 826.682495 254.549149 1.484599 1.642638 3.888353 3.287312 1.568111 15.833029 -1.578228 0.999993
Car -1 -1 2.259856 -142.297470 209.115570 243.267258 399.291168 1.474352 1.513683 3.670645 -5.918858 1.975822 8.246201 1.637304 0.999982
Car -1 -1 1.896978 365.264038 189.811569 462.551971 248.772110 1.482844 1.638220 4.176100 -5.883276 2.064638 22.046433 1.636197 0.999973
Car -1 -1 2.093396 1034.167847 142.149872 1279.080688 241.828506 1.518099 1.701960 4.202344 9.511540 0.996297 12.725323 2.735263 0.999744
Car -1 -1 1.829601 429.485870 187.788391 494.585480 229.757751 1.453736 1.573642 3.741509 -5.737626 2.068960 28.150874 1.628538 0.999640
Car -1 -1 1.795693 475.896179 183.844910 522.617188 216.769745 1.506371 1.599769 3.643376 -5.668264 2.113926 36.982232 1.643606 0.999125
Car -1 -1 2.367092 930.740784 151.661087 1121.486572 226.357971 1.678596 1.603988 3.906745 10.242375 1.173488 17.755908 2.890310 0.998559
Car -1 -1 -2.059677 655.720947 180.408066 724.023560 214.518616 1.464969 1.649210 3.742687 3.669273 1.845011 33.791569 -1.951515 0.997799
Car -1 -1 1.331942 510.560913 182.944733 549.641663 207.787354 1.468563 1.568682 3.647108 -5.214516 2.174287 47.170987 1.221844 0.997176
