0.000000 0.999135 0.999360 0.999360
0.025000 0.996064 0.997222 0.995953
0.050000 0.996064 0.997222 0.993766
0.075000 0.996064 0.993617 0.993766
0.100000 0.996064 0.993617 0.989493
0.125000 0.990891 0.991615 0.984222
0.150000 0.990891 0.989218 0.980593
0.175000 0.990891 0.983783 0.976903
0.200000 0.990891 0.980645 0.969002
0.225000 0.987830 0.977876 0.959863
0.250000 0.984216 0.972600 0.950513
0.275000 0.981512 0.966040 0.945185
0.300000 0.981512 0.958554 0.939939
0.325000 0.976348 0.950949 0.936739
0.350000 0.971580 0.947245 0.934709
0.375000 0.970501 0.944426 0.930178
0.400000 0.967240 0.939281 0.925642
0.425000 0.962830 0.936950 0.922420
0.450000 0.959260 0.934682 0.918329
0.475000 0.952039 0.932493 0.916040
0.500000 0.946071 0.928346 0.911100
0.525000 0.937933 0.924706 0.908119
0.550000 0.929514 0.922303 0.902953
0.575000 0.924154 0.917370 0.898804
0.600000 0.922318 0.916185 0.890862
0.625000 0.918494 0.914455 0.877634
0.650000 0.915708 0.908749 0.863514
0.675000 0.912058 0.905437 0.841035
0.700000 0.909297 0.901469 0.811475
0.725000 0.907046 0.896811 0.792456
0.750000 0.906226 0.892658 0.000000
0.775000 0.902199 0.883641 0.000000
0.800000 0.899674 0.871341 0.000000
0.825000 0.895551 0.857239 0.000000
0.850000 0.887914 0.836365 0.000000
0.875000 0.883251 0.807704 0.000000
0.900000 0.871921 0.779660 0.000000
0.925000 0.864198 0.000000 0.000000
0.950000 0.837690 0.000000 0.000000
0.975000 0.786144 0.000000 0.000000
1.000000 0.704418 0.000000 0.000000
