0.000000 0.766169 0.882353 0.882353
0.025000 0.766169 0.838488 0.820408
0.050000 0.766169 0.817048 0.800281
0.075000 0.743440 0.774695 0.773272
0.100000 0.722656 0.768579 0.728857
0.125000 0.722656 0.733676 0.690070
0.150000 0.696562 0.701553 0.659769
0.175000 0.688213 0.668251 0.627036
0.200000 0.668496 0.642135 0.585001
0.225000 0.648596 0.614644 0.534737
0.250000 0.636049 0.582696 0.461461
0.275000 0.611236 0.550191 0.391978
0.300000 0.588822 0.499471 0.311408
0.325000 0.570920 0.437318 0.000000
0.350000 0.554413 0.384798 0.000000
0.375000 0.536417 0.295528 0.000000
0.400000 0.514361 0.000000 0.000000
0.425000 0.496582 0.000000 0.000000
0.450000 0.477091 0.000000 0.000000
0.475000 0.458499 0.000000 0.000000
0.500000 0.436244 0.000000 0.000000
0.525000 0.393096 0.000000 0.000000
0.550000 0.319864 0.000000 0.000000
0.575000 0.283052 0.000000 0.000000
0.600000 0.000000 0.000000 0.000000
0.625000 0.000000 0.000000 0.000000
0.650000 0.000000 0.000000 0.000000
0.675000 0.000000 0.000000 0.000000
0.700000 0.000000 0.000000 0.000000
0.725000 0.000000 0.000000 0.000000
0.750000 0.000000 0.000000 0.000000
0.775000 0.000000 0.000000 0.000000
0.800000 0.000000 0.000000 0.000000
0.825000 0.000000 0.000000 0.000000
0.850000 0.000000 0.000000 0.000000
0.875000 0.000000 0.000000 0.000000
0.900000 0.000000 0.000000 0.000000
0.925000 0.000000 0.000000 0.000000
0.950000 0.000000 0.000000 0.000000
0.975000 0.000000 0.000000 0.000000
1.000000 0.000000 0.000000 0.000000
