0.000000 1.000000 1.000000 1.000000
0.025000 0.996815 0.997908 0.996610
0.050000 0.996815 0.997908 0.994481
0.075000 0.996815 0.994344 0.994481
0.100000 0.996815 0.994344 0.990220
0.125000 0.991681 0.992344 0.984928
0.150000 0.991681 0.989958 0.981282
0.175000 0.991681 0.984501 0.978095
0.200000 0.991681 0.981343 0.970989
0.225000 0.988620 0.979121 0.962447
0.250000 0.985000 0.974259 0.953642
0.275000 0.982281 0.968043 0.948967
0.300000 0.982281 0.960824 0.944810
0.325000 0.977092 0.953160 0.942014
0.350000 0.972299 0.949655 0.939883
0.375000 0.971229 0.946744 0.935719
0.400000 0.968776 0.941456 0.931364
0.425000 0.964286 0.939360 0.928415
0.450000 0.961398 0.936973 0.924203
0.475000 0.954764 0.934929 0.921809
0.500000 0.948668 0.930920 0.916932
0.525000 0.940998 0.927273 0.913700
0.550000 0.932597 0.924770 0.908433
0.575000 0.927083 0.919748 0.904454
0.600000 0.925145 0.918482 0.896411
0.625000 0.921212 0.916869 0.883280
0.650000 0.918397 0.911262 0.869486
0.675000 0.914657 0.907879 0.847168
0.700000 0.911817 0.903840 0.818065
0.725000 0.909991 0.899543 0.799155
0.750000 0.909091 0.895312 0.000000
0.775000 0.904972 0.886208 0.000000
0.800000 0.902363 0.873924 0.000000
0.825000 0.898165 0.859963 0.000000
0.850000 0.890529 0.839252 0.000000
0.875000 0.885794 0.810572 0.000000
0.900000 0.874374 0.782418 0.000000
0.925000 0.866903 0.000000 0.000000
0.950000 0.840280 0.000000 0.000000
0.975000 0.788536 0.000000 0.000000
1.000000 0.706551 0.000000 0.000000
