0.000000 0.750000 0.882353 0.882353
0.025000 0.646226 0.742268 0.724490
0.050000 0.625000 0.697143 0.684783
0.075000 0.625000 0.678492 0.662660
0.100000 0.602251 0.655201 0.624791
0.125000 0.582133 0.625000 0.586164
0.150000 0.572650 0.593195 0.548764
0.175000 0.555907 0.557746 0.497793
0.200000 0.533445 0.526771 0.424472
0.225000 0.524730 0.484409 0.320244
0.250000 0.505732 0.434179 0.249346
0.275000 0.492620 0.358753 0.000000
0.300000 0.471344 0.268395 0.000000
0.325000 0.448227 0.238707 0.000000
0.350000 0.427023 0.000000 0.000000
0.375000 0.403067 0.000000 0.000000
0.400000 0.387043 0.000000 0.000000
0.425000 0.367778 0.000000 0.000000
0.450000 0.320903 0.000000 0.000000
0.475000 0.230164 0.000000 0.000000
0.500000 0.000000 0.000000 0.000000
0.525000 0.000000 0.000000 0.000000
0.550000 0.000000 0.000000 0.000000
0.575000 0.000000 0.000000 0.000000
0.600000 0.000000 0.000000 0.000000
0.625000 0.000000 0.000000 0.000000
0.650000 0.000000 0.000000 0.000000
0.675000 0.000000 0.000000 0.000000
0.700000 0.000000 0.000000 0.000000
0.725000 0.000000 0.000000 0.000000
0.750000 0.000000 0.000000 0.000000
0.775000 0.000000 0.000000 0.000000
0.800000 0.000000 0.000000 0.000000
0.825000 0.000000 0.000000 0.000000
0.850000 0.000000 0.000000 0.000000
0.875000 0.000000 0.000000 0.000000
0.900000 0.000000 0.000000 0.000000
0.925000 0.000000 0.000000 0.000000
0.950000 0.000000 0.000000 0.000000
0.975000 0.000000 0.000000 0.000000
1.000000 0.000000 0.000000 0.000000
