Car -1.0 -1.0 -1.761320 632.672000 175.771000 680.599000 209.230000 -1.000000 -1.000000 -1.000000 -1000.000000 -1000.000000 -1000.000000 -1.698155 0.99999902 
Car -1.0 -1.0 -3.027104 288.662000 181.550000 483.417000 251.088000 -1.000000 -1.000000 -1.000000 -1000.000000 -1000.000000 -1000.000000 2.954596 0.99999970 
Car -1.0 -1.0 -1.781557 676.618000 178.879000 752.721000 223.909000 -1.000000 -1.000000 -1.000000 -1000.000000 -1000.000000 -1000.000000 -1.643389 0.99997881 
Car -1.0 -1.0 -2.145294 845.034000 190.439000 1236.774000 375.000000 -1.000000 -1.000000 -1.000000 -1000.000000 -1000.000000 -1000.000000 -1.647997 0.99995276 
Car -1.0 -1.0 -2.920015 104.263000 179.293000 436.196000 300.209000 -1.000000 -1.000000 -1.000000 -1000.000000 -1000.000000 -1000.000000 2.929326 0.99988241 
Car -1.0 -1.0 2.193434 10.302000 175.892000 367.448000 358.359000 -1.000000 -1.000000 -1.000000 -1000.000000 -1000.000000 -1000.000000 1.683084 0.49997029 
Car -1.0 -1.0 0.719146 2.386000 176.616000 293.131000 375.000000 -1.000000 -1.000000 -1.000000 -1000.000000 -1000.000000 -1000.000000 0.156841 0.49988216 
Car -1.0 -1.0 -1.674460 619.458000 174.112000 659.082000 203.566000 -1.000000 -1.000000 -1.000000 -1000.000000 -1000.000000 -1000.000000 -1.634063 0.99264565 
Car -1.0 -1.0 3.059090 380.520000 177.389000 505.523000 227.708000 -1.000000 -1.000000 -1.000000 -1000.000000 -1000.000000 -1000.000000 2.827608 0.49964817 
Car -1.0 -1.0 -3.095045 356.551000 177.412000 503.826000 235.720000 -1.000000 -1.000000 -1.000000 -1000.000000 -1000.000000 -1000.000000 2.947782 0.49811032 
Car -1.0 -1.0 3.103368 429.851000 169.830000 522.641000 210.733000 -1.000000 -1.000000 -1.000000 -1000.000000 -1000.000000 -1000.000000 2.913713 0.49881403 
Car -1.0 -1.0 -1.879461 711.142000 150.317000 889.811000 282.918000 -1.000000 -1.000000 -1.000000 -1000.000000 -1000.000000 -1000.000000 -1.632837 0.49836864 