Car -1.0 -1.0 2.128094 550.724000 176.247000 656.469000 225.170000 -1.000000 -1.000000 -1.000000 -1000.000000 -1000.000000 -1000.000000 2.115542 0.99999475 
Car -1.0 -1.0 0.999339 907.857000 159.907000 1070.081000 228.779000 -1.000000 -1.000000 -1.000000 -1000.000000 -1000.000000 -1000.000000 1.480095 0.99999759 
Car -1.0 -1.0 -1.708901 152.698000 175.073000 252.994000 241.900000 -1.000000 -1.000000 -1.000000 -1000.000000 -1000.000000 -1000.000000 -2.225540 0.99999553 
Car -1.0 -1.0 2.260839 794.742000 179.300000 891.463000 215.614000 -1.000000 -1.000000 -1.000000 -1000.000000 -1000.000000 -1000.000000 2.570535 0.99998412 
Car -1.0 -1.0 1.491643 691.654000 175.054000 769.552000 231.506000 -1.000000 -1.000000 -1.000000 -1000.000000 -1000.000000 -1000.000000 1.659704 0.99965544 
Car -1.0 -1.0 2.296639 741.298000 180.549000 833.729000 215.175000 -1.000000 -1.000000 -1.000000 -1000.000000 -1000.000000 -1000.000000 2.538409 0.99976704 
Car -1.0 -1.0 2.081274 501.321000 178.815000 610.893000 221.117000 -1.000000 -1.000000 -1.000000 -1000.000000 -1000.000000 -1000.000000 2.001469 0.99937052 
Car -1.0 -1.0 -2.305790 972.574000 159.598000 1182.928000 222.418000 -1.000000 -1.000000 -1.000000 -1000.000000 -1000.000000 -1000.000000 -1.742272 0.99878965 
Car -1.0 -1.0 2.196730 462.555000 178.441000 563.117000 217.138000 -1.000000 -1.000000 -1.000000 -1000.000000 -1000.000000 -1000.000000 2.063072 0.63778235 
Car -1.0 -1.0 0.684978 1095.703000 157.990000 1240.759000 214.938000 -1.000000 -1.000000 -1.000000 -1000.000000 -1000.000000 -1000.000000 1.342762 0.98054901 
Car -1.0 -1.0 2.253324 844.213000 173.808000 953.647000 215.201000 -1.000000 -1.000000 -1.000000 -1000.000000 -1000.000000 -1000.000000 2.635543 0.95235710 
Car -1.0 -1.0 2.123457 667.410000 180.070000 734.123000 213.538000 -1.000000 -1.000000 -1.000000 -1000.000000 -1000.000000 -1000.000000 2.243489 0.45313749 
Car -1.0 -1.0 2.182169 401.960000 178.831000 496.862000 216.238000 -1.000000 -1.000000 -1.000000 -1000.000000 -1000.000000 -1000.000000 1.962067 0.43657063 
Car -1.0 -1.0 2.149498 376.422000 179.056000 459.265000 215.873000 -1.000000 -1.000000 -1.000000 -1000.000000 -1000.000000 -1000.000000 1.895846 0.18672208 