Car -1.0 -1.0 -1.940370 100.572000 179.564000 304.527000 288.900000 -1.000000 -1.000000 -1.000000 -1000.000000 -1000.000000 -1000.000000 -2.455489 0.99999925 
Car -1.0 -1.0 -2.561933 287.793000 188.681000 369.695000 219.966000 -1.000000 -1.000000 -1.000000 -1000.000000 -1000.000000 -1000.000000 -2.932847 0.98933850 
Car -1.0 -1.0 -0.927990 775.073000 168.503000 837.892000 193.719000 -1.000000 -1.000000 -1.000000 -1000.000000 -1000.000000 -1000.000000 -0.655257 0.99394189 
Car -1.0 -1.0 -2.713650 333.368000 187.401000 393.671000 214.158000 -1.000000 -1.000000 -1.000000 -1000.000000 -1000.000000 -1000.000000 -3.040153 0.94028334 
Car -1.0 -1.0 1.092991 374.115000 183.965000 426.572000 210.196000 -1.000000 -1.000000 -1.000000 -1000.000000 -1000.000000 -1000.000000 0.812631 0.46796138 
Car -1.0 -1.0 -2.098710 389.842000 185.771000 436.226000 208.046000 -1.000000 -1.000000 -1.000000 -1000.000000 -1000.000000 -1000.000000 -2.361456 0.39968134 
Car -1.0 -1.0 -1.010184 1158.133000 160.220000 1240.147000 224.816000 -1.000000 -1.000000 -1.000000 -1000.000000 -1000.000000 -1000.000000 -0.325410 0.51266062 
Car -1.0 -1.0 1.738688 601.299000 175.291000 629.409000 193.605000 -1.000000 -1.000000 -1.000000 -1000.000000 -1000.000000 -1000.000000 1.748062 0.41192890 
Car -1.0 -1.0 -0.999074 728.080000 169.300000 765.763000 186.637000 -1.000000 -1.000000 -1.000000 -1000.000000 -1000.000000 -1000.000000 -0.809623 0.32199135 
Car -1.0 -1.0 0.421979 238.659000 187.943000 335.148000 223.039000 -1.000000 -1.000000 -1.000000 -1000.000000 -1000.000000 -1000.000000 0.007158 0.20349232 
Car -1.0 -1.0 -0.148250 715.694000 168.504000 747.344000 185.168000 -1.000000 -1.000000 -1.000000 -1000.000000 -1000.000000 -1000.000000 0.016450 0.13162008 
Car -1.0 -1.0 1.664788 623.582000 172.152000 646.267000 188.726000 -1.000000 -1.000000 -1.000000 -1000.000000 -1000.000000 -1000.000000 1.700954 0.11578712 