Car -1.0 -1.0 -1.892577 1.727000 183.315000 140.965000 287.499000 -1.000000 -1.000000 -1.000000 -1000.000000 -1000.000000 -1000.000000 -2.540551 0.99999839 
Car -1.0 -1.0 1.193610 464.636000 177.516000 549.065000 218.998000 -1.000000 -1.000000 -1.000000 -1000.000000 -1000.000000 -1000.000000 1.058347 0.99997583 
Car -1.0 -1.0 2.482845 1139.632000 157.099000 1239.354000 192.270000 -1.000000 -1.000000 -1.000000 -1000.000000 -1000.000000 -1000.000000 -3.120870 0.99971738 
Car -1.0 -1.0 -2.519153 510.422000 178.534000 602.252000 215.057000 -1.000000 -1.000000 -1.000000 -1000.000000 -1000.000000 -1000.000000 -2.594867 0.99968454 
Car -1.0 -1.0 2.350915 387.730000 192.134000 455.417000 221.661000 -1.000000 -1.000000 -1.000000 -1000.000000 -1000.000000 -1000.000000 2.101363 0.99880476 
Car -1.0 -1.0 -0.859490 183.997000 192.710000 279.757000 232.564000 -1.000000 -1.000000 -1.000000 -1000.000000 -1000.000000 -1000.000000 -1.334834 0.99824706 
Car -1.0 -1.0 2.112610 126.881000 195.704000 224.414000 233.780000 -1.000000 -1.000000 -1.000000 -1000.000000 -1000.000000 -1000.000000 1.568776 0.98729651 
Car -1.0 -1.0 1.710269 875.954000 164.008000 912.811000 187.435000 -1.000000 -1.000000 -1.000000 -1000.000000 -1000.000000 -1000.000000 2.087995 0.99819078 
Car -1.0 -1.0 1.625866 902.166000 160.605000 931.937000 181.001000 -1.000000 -1.000000 -1.000000 -1000.000000 -1000.000000 -1000.000000 2.030801 0.99894321 
Car -1.0 -1.0 2.866629 1023.554000 157.674000 1079.349000 179.458000 -1.000000 -1.000000 -1.000000 -1000.000000 -1000.000000 -1000.000000 -2.866881 0.95611657 
Car -1.0 -1.0 0.816997 608.254000 175.042000 674.006000 203.388000 -1.000000 -1.000000 -1.000000 -1000.000000 -1000.000000 -1000.000000 0.863380 0.99672459 
Car -1.0 -1.0 -0.907997 1058.548000 158.563000 1110.929000 181.544000 -1.000000 -1.000000 -1.000000 -1000.000000 -1000.000000 -1000.000000 -0.325057 0.98602200 
Car -1.0 -1.0 -3.052012 703.461000 170.128000 745.529000 194.099000 -1.000000 -1.000000 -1.000000 -1000.000000 -1000.000000 -1000.000000 -2.896132 0.47360750 
Car -1.0 -1.0 -2.862003 648.427000 172.150000 704.903000 198.118000 -1.000000 -1.000000 -1.000000 -1000.000000 -1000.000000 -1000.000000 -2.772782 0.40156001 
Car -1.0 -1.0 -1.259400 1107.657000 159.288000 1166.875000 185.777000 -1.000000 -1.000000 -1.000000 -1000.000000 -1000.000000 -1000.000000 -0.623182 0.18863709 
Car -1.0 -1.0 0.444313 547.803000 177.611000 625.764000 209.404000 -1.000000 -1.000000 -1.000000 -1000.000000 -1000.000000 -1000.000000 0.431297 0.17001560 
Car -1.0 -1.0 1.356927 653.438000 174.479000 699.471000 197.989000 -1.000000 -1.000000 -1.000000 -1000.000000 -1000.000000 -1000.000000 1.448648 0.15627609 