Car -1.0 -1.0 -1.245146 0.018000 192.802000 222.188000 311.945000 -1.000000 -1.000000 -1.000000 -1000.000000 -1000.000000 -1000.000000 -1.821076 0.99999908 
Car -1.0 -1.0 2.153488 670.212000 178.072000 799.953000 237.251000 -1.000000 -1.000000 -1.000000 -1000.000000 -1000.000000 -1000.000000 2.327435 0.99999854 
Car -1.0 -1.0 2.128518 622.445000 181.526000 741.078000 229.101000 -1.000000 -1.000000 -1.000000 -1000.000000 -1000.000000 -1000.000000 2.223624 0.99999630 
Car -1.0 -1.0 -1.587617 262.946000 180.870000 336.414000 238.894000 -1.000000 -1.000000 -1.000000 -1000.000000 -1000.000000 -1000.000000 -1.993259 0.99999383 
Car -1.0 -1.0 2.282166 956.842000 180.522000 1079.992000 224.310000 -1.000000 -1.000000 -1.000000 -1000.000000 -1000.000000 -1000.000000 2.798197 0.99998626 
Car -1.0 -1.0 1.436115 850.261000 175.704000 952.251000 250.706000 -1.000000 -1.000000 -1.000000 -1000.000000 -1000.000000 -1000.000000 1.819674 0.99989919 
Car -1.0 -1.0 2.225472 1031.308000 177.314000 1156.834000 224.068000 -1.000000 -1.000000 -1.000000 -1000.000000 -1000.000000 -1000.000000 2.815157 0.99994549 
Car -1.0 -1.0 2.348353 1106.946000 169.155000 1238.703000 232.907000 -1.000000 -1.000000 -1.000000 -1000.000000 -1000.000000 -1000.000000 3.012926 0.98964214 
Car -1.0 -1.0 2.405177 799.123000 184.549000 895.086000 218.068000 -1.000000 -1.000000 -1.000000 -1000.000000 -1000.000000 -1000.000000 2.733551 0.98851386 
Car -1.0 -1.0 2.171009 549.632000 179.916000 666.338000 222.019000 -1.000000 -1.000000 -1.000000 -1000.000000 -1000.000000 -1000.000000 2.147987 0.49400310 
Car -1.0 -1.0 2.267880 908.511000 184.608000 1009.498000 223.985000 -1.000000 -1.000000 -1.000000 -1000.000000 -1000.000000 -1000.000000 2.712289 0.49245577 
Car -1.0 -1.0 -1.649399 353.094000 180.088000 382.485000 201.307000 -1.000000 -1.000000 -1.000000 -1000.000000 -1000.000000 -1000.000000 -1.970644 0.93288293 
Car -1.0 -1.0 2.271424 536.588000 180.916000 622.512000 220.243000 -1.000000 -1.000000 -1.000000 -1000.000000 -1000.000000 -1000.000000 2.234818 0.49009919 
Car -1.0 -1.0 2.361164 778.278000 183.729000 862.642000 215.094000 -1.000000 -1.000000 -1.000000 -1000.000000 -1000.000000 -1000.000000 2.641110 0.20757535 