Car -1.0 -1.0 -0.332815 716.985000 161.172000 958.068000 258.665000 -1.000000 -1.000000 -1.000000 -1000.000000 -1000.000000 -1000.000000 -0.038029 0.99999982 
Car -1.0 -1.0 1.961977 145.490000 189.361000 355.091000 303.306000 -1.000000 -1.000000 -1.000000 -1000.000000 -1000.000000 -1000.000000 1.523488 0.99999973 
Car -1.0 -1.0 1.776696 370.476000 181.770000 441.080000 234.036000 -1.000000 -1.000000 -1.000000 -1000.000000 -1000.000000 -1000.000000 1.506547 0.99997884 
Car -1.0 -1.0 -0.756694 914.285000 148.816000 1240.360000 372.217000 -1.000000 -1.000000 -1.000000 -1000.000000 -1000.000000 -1000.000000 -0.158066 0.99998650 
Car -1.0 -1.0 -0.561176 671.328000 171.014000 765.523000 209.632000 -1.000000 -1.000000 -1.000000 -1000.000000 -1000.000000 -1000.000000 -0.396169 0.99893020 
Car -1.0 -1.0 -0.595963 712.411000 153.125000 876.270000 233.681000 -1.000000 -1.000000 -1.000000 -1000.000000 -1000.000000 -1000.000000 -0.349239 0.49954344 
Car -1.0 -1.0 -0.585758 827.887000 168.076000 1167.089000 299.009000 -1.000000 -1.000000 -1.000000 -1000.000000 -1000.000000 -1000.000000 -0.087342 0.99504045 
Car -1.0 -1.0 1.697945 464.856000 178.142000 501.571000 207.172000 -1.000000 -1.000000 -1.000000 -1000.000000 -1000.000000 -1000.000000 1.528330 0.98636700 
Car -1.0 -1.0 1.805841 425.749000 180.915000 480.067000 221.077000 -1.000000 -1.000000 -1.000000 -1000.000000 -1000.000000 -1000.000000 1.596412 0.71133915 
Car -1.0 -1.0 -0.464638 644.632000 166.990000 728.616000 203.114000 -1.000000 -1.000000 -1.000000 -1000.000000 -1000.000000 -1000.000000 -0.353853 0.48848085 
Car -1.0 -1.0 -1.790006 703.254000 157.634000 849.007000 225.202000 -1.000000 -1.000000 -1.000000 -1000.000000 -1000.000000 -1000.000000 -1.581089 0.44133741 
Car -1.0 -1.0 -1.431919 685.816000 167.397000 796.035000 213.930000 -1.000000 -1.000000 -1.000000 -1000.000000 -1000.000000 -1000.000000 -1.249205 0.22092514 