Car -1.0 -1.0 1.972884 327.946000 196.262000 380.738000 222.795000 -1.000000 -1.000000 -1.000000 -1000.000000 -1000.000000 -1000.000000 1.636181 0.99999958 
Car -1.0 -1.0 -1.273822 481.411000 187.478000 554.519000 243.381000 -1.000000 -1.000000 -1.000000 -1000.000000 -1000.000000 -1000.000000 -1.396836 0.99999028 
Car -1.0 -1.0 2.129951 92.002000 196.191000 235.509000 268.620000 -1.000000 -1.000000 -1.000000 -1000.000000 -1000.000000 -1000.000000 1.583546 0.99998623 
Car -1.0 -1.0 1.978519 366.225000 192.731000 411.982000 217.128000 -1.000000 -1.000000 -1.000000 -1000.000000 -1000.000000 -1000.000000 1.682327 0.99956904 
Car -1.0 -1.0 -1.659635 685.835000 188.453000 740.082000 227.754000 -1.000000 -1.000000 -1.000000 -1000.000000 -1000.000000 -1000.000000 -1.512974 0.99967904 
Car -1.0 -1.0 -1.418481 509.986000 183.190000 564.151000 228.280000 -1.000000 -1.000000 -1.000000 -1000.000000 -1000.000000 -1000.000000 -1.515386 0.98733109 
Car -1.0 -1.0 1.918184 397.796000 194.348000 434.299000 213.107000 -1.000000 -1.000000 -1.000000 -1000.000000 -1000.000000 -1000.000000 1.656826 0.97486395 
Car -1.0 -1.0 1.860938 437.279000 191.195000 467.663000 208.631000 -1.000000 -1.000000 -1.000000 -1000.000000 -1000.000000 -1000.000000 1.648210 0.66150256 
Car -1.0 -1.0 -1.676856 670.713000 188.128000 707.690000 216.710000 -1.000000 -1.000000 -1.000000 -1000.000000 -1000.000000 -1000.000000 -1.567193 0.82673699 
Car -1.0 -1.0 1.834616 418.984000 191.907000 450.643000 210.191000 -1.000000 -1.000000 -1.000000 -1000.000000 -1000.000000 -1000.000000 1.596768 0.63382659 
Car -1.0 -1.0 -1.632029 653.744000 183.971000 681.813000 203.869000 -1.000000 -1.000000 -1.000000 -1000.000000 -1000.000000 -1000.000000 -1.550129 0.51983402 
Car -1.0 -1.0 -1.395281 529.525000 181.586000 576.129000 220.414000 -1.000000 -1.000000 -1.000000 -1000.000000 -1000.000000 -1000.000000 -1.470442 0.53806369 