Car -1.0 -1.0 -1.776450 751.492000 178.584000 871.796000 267.100000 -1.000000 -1.000000 -1.000000 -1000.000000 -1000.000000 -1000.000000 -1.513666 0.99999827 
Car -1.0 -1.0 0.759287 931.857000 182.094000 1236.828000 375.000000 -1.000000 -1.000000 -1.000000 -1000.000000 -1000.000000 -1000.000000 1.310764 0.99999398 
Car -1.0 -1.0 -1.788410 729.022000 175.733000 816.884000 237.856000 -1.000000 -1.000000 -1.000000 -1000.000000 -1000.000000 -1000.000000 -1.567681 0.99997893 
Car -1.0 -1.0 2.312529 0.149000 198.250000 107.754000 267.857000 -1.000000 -1.000000 -1.000000 -1000.000000 -1000.000000 -1000.000000 1.649454 0.99987674 
Car -1.0 -1.0 -2.549417 565.760000 176.096000 617.664000 196.116000 -1.000000 -1.000000 -1.000000 -1000.000000 -1000.000000 -1000.000000 -2.571723 0.99966712 
Car -1.0 -1.0 2.967521 401.265000 181.279000 464.144000 203.656000 -1.000000 -1.000000 -1.000000 -1000.000000 -1000.000000 -1000.000000 2.727329 0.99980325 
Car -1.0 -1.0 1.828386 465.173000 180.159000 499.680000 196.244000 -1.000000 -1.000000 -1.000000 -1000.000000 -1000.000000 -1000.000000 1.655936 0.49571703 
Car -1.0 -1.0 2.313324 247.321000 180.511000 332.292000 211.931000 -1.000000 -1.000000 -1.000000 -1000.000000 -1000.000000 -1000.000000 1.896862 0.98361303 
Car -1.0 -1.0 2.505047 150.680000 185.841000 246.181000 218.233000 -1.000000 -1.000000 -1.000000 -1000.000000 -1000.000000 -1000.000000 1.988690 0.47176424 
Car -1.0 -1.0 2.464580 93.161000 185.374000 177.880000 217.824000 -1.000000 -1.000000 -1.000000 -1000.000000 -1000.000000 -1000.000000 1.884474 0.45674291 
Car -1.0 -1.0 2.575940 89.092000 189.078000 183.914000 222.099000 -1.000000 -1.000000 -1.000000 -1000.000000 -1000.000000 -1000.000000 1.994431 0.41251625 