Car -1.0 -1.0 -1.523914 415.463000 181.807000 469.531000 228.816000 -1.000000 -1.000000 -1.000000 -1000.000000 -1000.000000 -1000.000000 -1.750789 0.99999896 
Car -1.0 -1.0 -1.279151 229.405000 191.892000 373.463000 280.973000 -1.000000 -1.000000 -1.000000 -1000.000000 -1000.000000 -1000.000000 -1.664031 0.99999908 
Car -1.0 -1.0 2.044533 823.164000 179.448000 988.684000 247.738000 -1.000000 -1.000000 -1.000000 -1000.000000 -1000.000000 -1000.000000 2.423802 0.99996060 
Car -1.0 -1.0 2.147587 711.874000 176.585000 836.407000 232.597000 -1.000000 -1.000000 -1.000000 -1000.000000 -1000.000000 -1000.000000 2.371737 0.99976589 
Car -1.0 -1.0 2.059037 897.935000 177.830000 1100.197000 264.442000 -1.000000 -1.000000 -1.000000 -1000.000000 -1000.000000 -1000.000000 2.552155 0.99999103 
Car -1.0 -1.0 1.942384 94.501000 197.536000 185.830000 245.683000 -1.000000 -1.000000 -1.000000 -1000.000000 -1000.000000 -1000.000000 1.369649 0.99999046 
Car -1.0 -1.0 2.231013 1118.482000 187.897000 1241.137000 236.141000 -1.000000 -1.000000 -1.000000 -1000.000000 -1000.000000 -1000.000000 2.910287 0.99993840 
Car -1.0 -1.0 1.864685 161.042000 201.345000 215.039000 227.753000 -1.000000 -1.000000 -1.000000 -1000.000000 -1000.000000 -1000.000000 1.338553 0.99994951 
Car -1.0 -1.0 2.179099 764.410000 180.197000 891.515000 239.636000 -1.000000 -1.000000 -1.000000 -1000.000000 -1000.000000 -1000.000000 2.473860 0.99082863 
Car -1.0 -1.0 2.124332 0.018000 204.687000 107.481000 262.870000 -1.000000 -1.000000 -1.000000 -1000.000000 -1000.000000 -1000.000000 1.466461 0.93666825 
Car -1.0 -1.0 2.258217 670.668000 178.865000 778.565000 224.395000 -1.000000 -1.000000 -1.000000 -1000.000000 -1000.000000 -1000.000000 2.424250 0.96633361 