Car -1.0 -1.0 -1.329846 448.524000 175.182000 543.621000 248.782000 -1.000000 -1.000000 -1.000000 -1000.000000 -1000.000000 -1000.000000 -1.480090 0.99999961 
Car -1.0 -1.0 1.961276 292.670000 180.771000 354.902000 209.973000 -1.000000 -1.000000 -1.000000 -1000.000000 -1000.000000 -1000.000000 1.586973 0.99999776 
Car -1.0 -1.0 1.936470 338.507000 177.229000 392.337000 204.773000 -1.000000 -1.000000 -1.000000 -1000.000000 -1000.000000 -1000.000000 1.611795 0.99998236 
Car -1.0 -1.0 -1.699162 701.779000 181.421000 765.903000 228.465000 -1.000000 -1.000000 -1.000000 -1000.000000 -1000.000000 -1000.000000 -1.528420 0.99998569 
Car -1.0 -1.0 -1.445362 489.829000 169.192000 557.109000 225.255000 -1.000000 -1.000000 -1.000000 -1000.000000 -1000.000000 -1000.000000 -1.556755 0.99924344 
Car -1.0 -1.0 -1.445563 519.512000 168.284000 573.106000 213.347000 -1.000000 -1.000000 -1.000000 -1000.000000 -1000.000000 -1000.000000 -1.531710 0.99789487 
Car -1.0 -1.0 1.795601 423.490000 175.633000 457.192000 195.170000 -1.000000 -1.000000 -1.000000 -1000.000000 -1000.000000 -1000.000000 1.566381 0.99911615 
Car -1.0 -1.0 1.839662 377.723000 177.917000 419.258000 199.668000 -1.000000 -1.000000 -1.000000 -1000.000000 -1000.000000 -1000.000000 1.554772 0.99819340 
Car -1.0 -1.0 -1.654983 658.957000 174.007000 687.513000 195.683000 -1.000000 -1.000000 -1.000000 -1000.000000 -1000.000000 -1000.000000 -1.567093 0.97529225 
Car -1.0 -1.0 2.960962 1.769000 180.166000 93.390000 254.216000 -1.000000 -1.000000 -1.000000 -1000.000000 -1000.000000 -1000.000000 2.293813 0.94036268 
Car -1.0 -1.0 1.767255 398.921000 175.622000 437.573000 196.968000 -1.000000 -1.000000 -1.000000 -1000.000000 -1000.000000 -1000.000000 1.509323 0.97799748 
Car -1.0 -1.0 -1.708791 681.695000 181.478000 731.987000 213.373000 -1.000000 -1.000000 -1.000000 -1000.000000 -1000.000000 -1000.000000 -1.578812 0.92830904 
Car -1.0 -1.0 -1.670060 671.482000 179.333000 711.558000 206.154000 -1.000000 -1.000000 -1.000000 -1000.000000 -1000.000000 -1000.000000 -1.559895 0.67296839 
Car -1.0 -1.0 2.296976 2.510000 180.043000 49.721000 271.506000 -1.000000 -1.000000 -1.000000 -1000.000000 -1000.000000 -1000.000000 1.620622 0.24487595 