Car -1.0 -1.0 -1.731090 761.211000 183.068000 860.443000 256.938000 -1.000000 -1.000000 -1.000000 -1000.000000 -1000.000000 -1000.000000 -1.464508 0.99999964 
Car -1.0 -1.0 -1.683821 744.154000 182.898000 816.639000 239.494000 -1.000000 -1.000000 -1.000000 -1000.000000 -1000.000000 -1000.000000 -1.455998 0.99999857 
Car -1.0 -1.0 0.480377 179.982000 158.166000 505.650000 298.107000 -1.000000 -1.000000 -1.000000 -1000.000000 -1000.000000 -1000.000000 0.145453 0.99998385 
Car -1.0 -1.0 -1.908208 804.269000 184.124000 1019.672000 315.075000 -1.000000 -1.000000 -1.000000 -1000.000000 -1000.000000 -1000.000000 -1.527872 0.99999669 
Car -1.0 -1.0 -1.735025 719.579000 180.896000 777.306000 222.162000 -1.000000 -1.000000 -1.000000 -1000.000000 -1000.000000 -1000.000000 -1.548390 0.99994084 
Car -1.0 -1.0 -2.115435 888.483000 173.807000 1239.055000 373.927000 -1.000000 -1.000000 -1.000000 -1000.000000 -1000.000000 -1000.000000 -1.561576 0.99977782 
Car -1.0 -1.0 0.633529 385.298000 175.129000 572.558000 253.388000 -1.000000 -1.000000 -1.000000 -1000.000000 -1000.000000 -1000.000000 0.442786 0.99444276 
Car -1.0 -1.0 0.239781 497.791000 171.890000 613.864000 216.064000 -1.000000 -1.000000 -1.000000 -1000.000000 -1000.000000 -1000.000000 0.173414 0.99436201 
Car -1.0 -1.0 0.619307 310.535000 164.763000 534.770000 272.923000 -1.000000 -1.000000 -1.000000 -1000.000000 -1000.000000 -1000.000000 0.374211 0.49527092 
Car -1.0 -1.0 -1.636833 708.157000 180.489000 742.087000 208.007000 -1.000000 -1.000000 -1.000000 -1000.000000 -1000.000000 -1000.000000 -1.477253 0.98516099 
Car -1.0 -1.0 -2.907835 549.696000 173.431000 628.607000 205.057000 -1.000000 -1.000000 -1.000000 -1000.000000 -1000.000000 -1000.000000 -2.925806 0.21484314 