Car -1.0 -1.0 -1.755803 681.900000 173.986000 771.531000 245.243000 -1.000000 -1.000000 -1.000000 -1000.000000 -1000.000000 -1000.000000 -1.597229 0.99999946 
Car -1.0 -1.0 -1.719013 652.322000 174.130000 714.827000 220.147000 -1.000000 -1.000000 -1.000000 -1000.000000 -1000.000000 -1000.000000 -1.617361 0.99999934 
Car -1.0 -1.0 -1.799660 724.532000 178.239000 868.787000 284.571000 -1.000000 -1.000000 -1.000000 -1000.000000 -1000.000000 -1000.000000 -1.556840 0.99999708 
Car -1.0 -1.0 1.999480 295.496000 192.626000 343.106000 217.554000 -1.000000 -1.000000 -1.000000 -1000.000000 -1000.000000 -1000.000000 1.617946 0.99999580 
Car -1.0 -1.0 2.151532 71.956000 200.901000 177.276000 250.132000 -1.000000 -1.000000 -1.000000 -1000.000000 -1000.000000 -1000.000000 1.565268 0.99999636 
Car -1.0 -1.0 2.050156 205.521000 198.739000 291.809000 238.524000 -1.000000 -1.000000 -1.000000 -1000.000000 -1000.000000 -1000.000000 1.588595 0.99999064 
Car -1.0 -1.0 1.885251 336.293000 190.103000 374.863000 212.148000 -1.000000 -1.000000 -1.000000 -1000.000000 -1000.000000 -1000.000000 1.547611 0.99874072 
Car -1.0 -1.0 -1.696289 632.015000 177.033000 673.849000 207.108000 -1.000000 -1.000000 -1.000000 -1000.000000 -1000.000000 -1000.000000 -1.636925 0.99862349 
Car -1.0 -1.0 2.142768 160.453000 201.223000 240.127000 236.290000 -1.000000 -1.000000 -1.000000 -1000.000000 -1000.000000 -1000.000000 1.628730 0.94407934 
Car -1.0 -1.0 1.642227 427.577000 179.238000 454.689000 201.459000 -1.000000 -1.000000 -1.000000 -1000.000000 -1000.000000 -1000.000000 1.413691 0.88406166 
Car -1.0 -1.0 1.975495 260.460000 196.050000 305.022000 221.611000 -1.000000 -1.000000 -1.000000 -1000.000000 -1000.000000 -1000.000000 1.551518 0.33552581 
Car -1.0 -1.0 1.917356 367.336000 188.407000 404.132000 206.518000 -1.000000 -1.000000 -1.000000 -1000.000000 -1000.000000 -1000.000000 1.620384 0.31256418 
Car -1.0 -1.0 -1.617015 610.648000 175.141000 637.280000 197.323000 -1.000000 -1.000000 -1.000000 -1000.000000 -1000.000000 -1000.000000 -1.594951 0.15747902 