Car -1.0 -1.0 2.054565 181.551000 198.214000 293.236000 257.400000 -1.000000 -1.000000 -1.000000 -1000.000000 -1000.000000 -1000.000000 1.581354 0.99999967 
Car -1.0 -1.0 1.954275 291.691000 202.093000 348.243000 230.787000 -1.000000 -1.000000 -1.000000 -1000.000000 -1000.000000 -1000.000000 1.575275 0.99999985 
Car -1.0 -1.0 2.146221 925.361000 172.182000 1111.359000 249.857000 -1.000000 -1.000000 -1.000000 -1000.000000 -1000.000000 -1000.000000 2.663719 0.99999946 
Car -1.0 -1.0 -1.522992 559.286000 180.301000 601.471000 218.090000 -1.000000 -1.000000 -1.000000 -1000.000000 -1000.000000 -1000.000000 -1.560737 0.99999973 
Car -1.0 -1.0 2.269446 2.609000 212.101000 176.555000 293.030000 -1.000000 -1.000000 -1.000000 -1000.000000 -1000.000000 -1000.000000 1.653880 0.99999961 
Car -1.0 -1.0 2.022353 1013.643000 169.991000 1242.000000 270.604000 -1.000000 -1.000000 -1.000000 -1000.000000 -1000.000000 -1000.000000 2.646494 0.99999163 
Car -1.0 -1.0 -1.258053 432.692000 193.116000 534.941000 263.007000 -1.000000 -1.000000 -1.000000 -1000.000000 -1000.000000 -1000.000000 -1.421898 0.99999365 
Car -1.0 -1.0 2.138646 866.900000 174.146000 1020.556000 237.560000 -1.000000 -1.000000 -1.000000 -1000.000000 -1000.000000 -1000.000000 2.576506 0.74998412 
Car -1.0 -1.0 2.879685 772.919000 168.060000 919.605000 219.132000 -1.000000 -1.000000 -1.000000 -1000.000000 -1000.000000 -1000.000000 -3.091118 0.99963979 
Car -1.0 -1.0 2.302450 839.012000 174.781000 989.112000 233.460000 -1.000000 -1.000000 -1.000000 -1000.000000 -1000.000000 -1000.000000 2.687810 0.24998334 
Car -1.0 -1.0 -1.686787 673.287000 175.507000 703.205000 200.471000 -1.000000 -1.000000 -1.000000 -1000.000000 -1000.000000 -1000.000000 -1.576754 0.99827576 
Car -1.0 -1.0 2.357137 829.549000 174.369000 959.885000 229.543000 -1.000000 -1.000000 -1.000000 -1000.000000 -1000.000000 -1000.000000 2.740096 0.74709578 
Car -1.0 -1.0 2.061851 245.029000 204.019000 313.956000 238.557000 -1.000000 -1.000000 -1.000000 -1000.000000 -1000.000000 -1000.000000 1.631190 0.49484248 