Car -1.0 -1.0 -1.780717 689.679000 182.406000 786.698000 250.713000 -1.000000 -1.000000 -1.000000 -1000.000000 -1000.000000 -1000.000000 -1.608915 0.99999994 
Car -1.0 -1.0 -1.899387 739.112000 186.087000 960.387000 315.087000 -1.000000 -1.000000 -1.000000 -1000.000000 -1000.000000 -1000.000000 -1.603335 0.99999943 
Car -1.0 -1.0 -1.921115 847.565000 198.286000 1233.513000 375.000000 -1.000000 -1.000000 -1.000000 -1000.000000 -1000.000000 -1000.000000 -1.424105 0.99999908 
Car -1.0 -1.0 1.947404 249.535000 186.147000 309.158000 217.817000 -1.000000 -1.000000 -1.000000 -1000.000000 -1000.000000 -1000.000000 1.519344 0.99999359 
Car -1.0 -1.0 2.124363 83.767000 189.128000 187.805000 238.882000 -1.000000 -1.000000 -1.000000 -1000.000000 -1000.000000 -1000.000000 1.547040 0.99999362 
Car -1.0 -1.0 2.020829 170.402000 185.990000 245.130000 224.989000 -1.000000 -1.000000 -1.000000 -1000.000000 -1000.000000 -1000.000000 1.515343 0.99985331 
Car -1.0 -1.0 -1.739757 674.580000 180.101000 743.476000 232.170000 -1.000000 -1.000000 -1.000000 -1000.000000 -1000.000000 -1000.000000 -1.608065 0.99844520 
Car -1.0 -1.0 3.015445 1.457000 194.576000 103.238000 253.168000 -1.000000 -1.000000 -1.000000 -1000.000000 -1000.000000 -1000.000000 2.354518 0.99858813 
Car -1.0 -1.0 -1.599597 596.058000 179.392000 618.947000 196.206000 -1.000000 -1.000000 -1.000000 -1000.000000 -1000.000000 -1000.000000 -1.601188 0.99948972 
Car -1.0 -1.0 1.893135 346.247000 183.495000 388.345000 205.528000 -1.000000 -1.000000 -1.000000 -1000.000000 -1000.000000 -1000.000000 1.570703 0.99838096 
Car -1.0 -1.0 -1.693007 659.558000 183.229000 716.173000 221.455000 -1.000000 -1.000000 -1.000000 -1000.000000 -1000.000000 -1000.000000 -1.586517 0.48372690 