Car -1.0 -1.0 -1.684680 680.669000 181.244000 752.086000 238.143000 -1.000000 -1.000000 -1.000000 -1000.000000 -1000.000000 -1000.000000 -1.539023 0.99999988 
Car -1.0 -1.0 -1.981706 768.235000 179.915000 1030.650000 335.386000 -1.000000 -1.000000 -1.000000 -1000.000000 -1000.000000 -1000.000000 -1.636316 0.99999991 
Car -1.0 -1.0 2.153155 5.186000 182.600000 225.154000 281.342000 -1.000000 -1.000000 -1.000000 -1000.000000 -1000.000000 -1000.000000 1.559567 0.99999940 
Car -1.0 -1.0 -1.796780 695.582000 186.159000 809.164000 265.593000 -1.000000 -1.000000 -1.000000 -1000.000000 -1000.000000 -1000.000000 -1.604079 0.99999893 
Car -1.0 -1.0 1.931358 335.931000 176.232000 417.873000 224.172000 -1.000000 -1.000000 -1.000000 -1000.000000 -1000.000000 -1000.000000 1.624036 0.99999848 
Car -1.0 -1.0 1.789154 426.714000 180.300000 480.919000 210.520000 -1.000000 -1.000000 -1.000000 -1000.000000 -1000.000000 -1000.000000 1.581044 0.99985580 
Car -1.0 -1.0 -1.720042 658.837000 181.978000 715.833000 226.513000 -1.000000 -1.000000 -1.000000 -1000.000000 -1000.000000 -1000.000000 -1.611046 0.99997348 
Car -1.0 -1.0 1.914791 396.192000 181.519000 461.544000 216.666000 -1.000000 -1.000000 -1.000000 -1000.000000 -1000.000000 -1000.000000 1.673448 0.99988966 
Car -1.0 -1.0 -1.627531 647.716000 177.690000 683.167000 209.867000 -1.000000 -1.000000 -1.000000 -1000.000000 -1000.000000 -1000.000000 -1.549300 0.49940476 
Car -1.0 -1.0 -1.603448 648.523000 179.850000 690.165000 214.676000 -1.000000 -1.000000 -1.000000 -1000.000000 -1000.000000 -1000.000000 -1.524436 0.49496321 
Car -1.0 -1.0 1.774414 456.833000 179.549000 497.760000 205.351000 -1.000000 -1.000000 -1.000000 -1000.000000 -1000.000000 -1000.000000 1.595579 0.47415535 