Car -1.0 -1.0 -1.924969 2.188000 181.755000 164.655000 288.006000 -1.000000 -1.000000 -1.000000 -1000.000000 -1000.000000 -1000.000000 -2.566540 0.99999890 
Car -1.0 -1.0 1.177718 417.469000 177.901000 500.255000 217.223000 -1.000000 -1.000000 -1.000000 -1000.000000 -1000.000000 -1000.000000 0.976643 0.99998185 
Car -1.0 -1.0 2.597778 1049.197000 159.510000 1147.603000 191.900000 -1.000000 -1.000000 -1.000000 -1000.000000 -1000.000000 -1000.000000 -3.095228 0.99995422 
Car -1.0 -1.0 2.408548 341.279000 191.668000 408.033000 220.979000 -1.000000 -1.000000 -1.000000 -1000.000000 -1000.000000 -1000.000000 2.096449 0.99996188 
Car -1.0 -1.0 -2.231176 465.021000 177.834000 549.592000 213.326000 -1.000000 -1.000000 -1.000000 -1000.000000 -1000.000000 -1000.000000 -2.377719 0.99971049 
Car -1.0 -1.0 2.135485 141.299000 192.672000 231.604000 230.739000 -1.000000 -1.000000 -1.000000 -1000.000000 -1000.000000 -1000.000000 1.601879 0.99671967 
Car -1.0 -1.0 1.734323 813.954000 165.029000 848.144000 187.204000 -1.000000 -1.000000 -1.000000 -1000.000000 -1000.000000 -1000.000000 2.033156 0.99554649 
Car -1.0 -1.0 2.850246 949.911000 159.335000 999.965000 180.062000 -1.000000 -1.000000 -1.000000 -1000.000000 -1000.000000 -1000.000000 -2.963065 0.98142934 
Car -1.0 -1.0 1.630771 836.361000 162.945000 867.359000 182.028000 -1.000000 -1.000000 -1.000000 -1000.000000 -1000.000000 -1000.000000 1.957399 0.97121492 
Car -1.0 -1.0 -1.603086 980.861000 160.254000 1028.871000 181.622000 -1.000000 -1.000000 -1.000000 -1000.000000 -1000.000000 -1000.000000 -1.097271 0.79971141 
Car -1.0 -1.0 1.515611 260.410000 188.094000 325.602000 226.996000 -1.000000 -1.000000 -1.000000 -1000.000000 -1000.000000 -1000.000000 1.104593 0.43571365 
Car -1.0 -1.0 1.104757 647.611000 170.253000 687.852000 192.841000 -1.000000 -1.000000 -1.000000 -1000.000000 -1000.000000 -1000.000000 1.180520 0.37214886 
Car -1.0 -1.0 -2.904690 600.896000 173.084000 651.139000 196.978000 -1.000000 -1.000000 -1.000000 -1000.000000 -1000.000000 -1000.000000 -2.883182 0.35151382 
Car -1.0 -1.0 -1.220432 1114.907000 152.402000 1208.801000 189.686000 -1.000000 -1.000000 -1.000000 -1000.000000 -1000.000000 -1000.000000 -0.564094 0.33903615 
Car -1.0 -1.0 2.319333 295.497000 194.052000 366.296000 221.996000 -1.000000 -1.000000 -1.000000 -1000.000000 -1000.000000 -1000.000000 1.957664 0.46275105 
Car -1.0 -1.0 2.340551 385.810000 186.123000 454.460000 216.724000 -1.000000 -1.000000 -1.000000 -1000.000000 -1000.000000 -1000.000000 2.084305 0.30006608 
Car -1.0 -1.0 2.221739 1020.562000 161.795000 1072.433000 184.248000 -1.000000 -1.000000 -1.000000 -1000.000000 -1000.000000 -1000.000000 2.771223 0.11562006 