Car -1.0 -1.0 1.695725 442.187000 167.488000 519.281000 239.438000 -1.000000 -1.000000 -1.000000 -1000.000000 -1000.000000 -1000.000000 1.525489 0.99999988 
Car -1.0 -1.0 1.799311 231.993000 173.772000 449.114000 327.753000 -1.000000 -1.000000 -1.000000 -1000.000000 -1000.000000 -1000.000000 1.471130 0.99999899 
Car -1.0 -1.0 2.821053 681.641000 168.521000 827.877000 227.759000 -1.000000 -1.000000 -1.000000 -1000.000000 -1000.000000 -1000.000000 3.021286 0.99973790 
Car -1.0 -1.0 2.635169 773.882000 138.524000 1218.465000 330.778000 -1.000000 -1.000000 -1.000000 -1000.000000 -1000.000000 -1000.000000 3.099183 0.49994457 
Car -1.0 -1.0 2.703705 850.512000 127.690000 1218.086000 364.658000 -1.000000 -1.000000 -1.000000 -1000.000000 -1000.000000 -1000.000000 -3.100454 0.49960987 
Car -1.0 -1.0 1.623637 495.048000 172.696000 546.640000 216.233000 -1.000000 -1.000000 -1.000000 -1000.000000 -1000.000000 -1000.000000 1.507043 0.99813022 
Car -1.0 -1.0 2.830403 661.502000 171.764000 778.616000 215.521000 -1.000000 -1.000000 -1.000000 -1000.000000 -1000.000000 -1000.000000 2.971339 0.49832697 
Car -1.0 -1.0 2.677923 768.767000 151.369000 1105.713000 319.899000 -1.000000 -1.000000 -1.000000 -1000.000000 -1000.000000 -1000.000000 3.116059 0.43580660 
Car -1.0 -1.0 -0.315312 776.491000 151.985000 1029.755000 296.432000 -1.000000 -1.000000 -1.000000 -1000.000000 -1000.000000 -1000.000000 0.077587 0.22880727 
Car -1.0 -1.0 2.692788 632.049000 169.162000 725.443000 203.525000 -1.000000 -1.000000 -1.000000 -1000.000000 -1000.000000 -1000.000000 2.788838 0.42925441 
Car -1.0 -1.0 2.520314 902.264000 185.315000 1148.311000 373.021000 -1.000000 -1.000000 -1.000000 -1000.000000 -1000.000000 -1000.000000 3.022373 0.21158598 