Car -1.0 -1.0 -1.781146 694.924000 174.237000 807.422000 259.276000 -1.000000 -1.000000 -1.000000 -1000.000000 -1000.000000 -1000.000000 -1.592593 0.99999961 
Car -1.0 -1.0 -1.746496 658.667000 172.117000 729.518000 224.964000 -1.000000 -1.000000 -1.000000 -1000.000000 -1000.000000 -1000.000000 -1.632438 0.99999994 
Car -1.0 -1.0 2.078217 141.634000 199.300000 249.483000 248.841000 -1.000000 -1.000000 -1.000000 -1000.000000 -1000.000000 -1000.000000 1.562084 0.99999967 
Car -1.0 -1.0 2.028009 277.804000 192.455000 330.259000 218.361000 -1.000000 -1.000000 -1.000000 -1000.000000 -1000.000000 -1000.000000 1.628753 0.99999985 
Car -1.0 -1.0 2.201717 17.979000 202.443000 141.189000 258.040000 -1.000000 -1.000000 -1.000000 -1000.000000 -1000.000000 -1000.000000 1.572541 0.99999729 
Car -1.0 -1.0 -1.863835 749.153000 178.650000 963.540000 326.314000 -1.000000 -1.000000 -1.000000 -1000.000000 -1000.000000 -1000.000000 -1.550090 0.99999651 
Car -1.0 -1.0 1.981648 323.575000 189.342000 367.376000 213.054000 -1.000000 -1.000000 -1.000000 -1000.000000 -1000.000000 -1000.000000 1.632899 0.99999550 
Car -1.0 -1.0 -1.706050 634.830000 175.458000 680.409000 208.848000 -1.000000 -1.000000 -1.000000 -1000.000000 -1000.000000 -1000.000000 -1.639971 0.99998131 
Car -1.0 -1.0 1.906064 361.512000 187.962000 396.639000 206.426000 -1.000000 -1.000000 -1.000000 -1000.000000 -1000.000000 -1000.000000 1.597818 0.99492945 
Car -1.0 -1.0 2.068130 218.643000 194.641000 286.586000 226.977000 -1.000000 -1.000000 -1.000000 -1000.000000 -1000.000000 -1000.000000 1.612755 0.95534003 
Car -1.0 -1.0 1.674991 416.829000 178.646000 446.553000 201.683000 -1.000000 -1.000000 -1.000000 -1000.000000 -1000.000000 -1000.000000 1.433455 0.48646337 
Car -1.0 -1.0 -1.693167 624.247000 176.140000 661.470000 205.276000 -1.000000 -1.000000 -1.000000 -1000.000000 -1000.000000 -1000.000000 -1.645260 0.22072893 