Car -1.0 -1.0 2.183500 1073.835000 160.236000 1242.000000 244.059000 -1.000000 -1.000000 -1.000000 -1000.000000 -1000.000000 -1000.000000 2.832706 0.99999976 
Car -1.0 -1.0 2.130741 635.569000 178.274000 761.764000 234.360000 -1.000000 -1.000000 -1.000000 -1000.000000 -1000.000000 -1000.000000 2.253375 0.99999976 
Car -1.0 -1.0 -1.228606 1.825000 193.907000 190.832000 320.056000 -1.000000 -1.000000 -1.000000 -1000.000000 -1000.000000 -1000.000000 -1.829877 0.99998704 
Car -1.0 -1.0 2.119471 591.182000 181.910000 705.640000 227.311000 -1.000000 -1.000000 -1.000000 -1000.000000 -1000.000000 -1000.000000 2.168994 0.99996430 
Car -1.0 -1.0 2.293522 911.992000 181.161000 1031.731000 222.868000 -1.000000 -1.000000 -1.000000 -1000.000000 -1000.000000 -1000.000000 2.755560 0.99994591 
Car -1.0 -1.0 -1.618521 235.917000 180.756000 314.284000 241.119000 -1.000000 -1.000000 -1.000000 -1000.000000 -1000.000000 -1000.000000 -2.054784 0.99998754 
Car -1.0 -1.0 2.193632 981.501000 177.953000 1100.353000 222.448000 -1.000000 -1.000000 -1.000000 -1000.000000 -1000.000000 -1000.000000 2.725831 0.99987853 
Car -1.0 -1.0 1.474118 805.476000 178.193000 899.628000 244.197000 -1.000000 -1.000000 -1.000000 -1000.000000 -1000.000000 -1000.000000 1.798938 0.99962057 
Car -1.0 -1.0 2.244933 867.307000 184.714000 967.061000 221.552000 -1.000000 -1.000000 -1.000000 -1000.000000 -1000.000000 -1000.000000 2.635952 0.98600389 
Car -1.0 -1.0 2.288572 765.122000 183.980000 847.942000 217.238000 -1.000000 -1.000000 -1.000000 -1000.000000 -1000.000000 -1000.000000 2.560411 0.98872016 
Car -1.0 -1.0 2.240670 1045.555000 170.180000 1157.948000 225.720000 -1.000000 -1.000000 -1.000000 -1000.000000 -1000.000000 -1000.000000 2.841447 0.49743237 
Car -1.0 -1.0 -1.635435 322.810000 180.980000 350.553000 202.158000 -1.000000 -1.000000 -1.000000 -1000.000000 -1000.000000 -1000.000000 -1.995695 0.22471954 