Car -1.0 -1.0 -2.102815 807.452000 169.281000 1209.214000 375.000000 -1.000000 -1.000000 -1.000000 -1000.000000 -1000.000000 -1000.000000 -1.657938 0.99999982 
Car -1.0 -1.0 2.099415 196.443000 194.831000 277.264000 231.989000 -1.000000 -1.000000 -1.000000 -1000.000000 -1000.000000 -1000.000000 1.625232 0.99999961 
Car -1.0 -1.0 -1.803560 683.880000 179.194000 796.171000 257.019000 -1.000000 -1.000000 -1.000000 -1000.000000 -1000.000000 -1000.000000 -1.630722 0.99999905 
Car -1.0 -1.0 -1.753874 658.617000 182.365000 735.301000 234.907000 -1.000000 -1.000000 -1.000000 -1000.000000 -1000.000000 -1000.000000 -1.636614 0.99999914 
Car -1.0 -1.0 -1.628904 638.927000 181.991000 683.341000 216.657000 -1.000000 -1.000000 -1.000000 -1000.000000 -1000.000000 -1000.000000 -1.557688 0.99998170 
Car -1.0 -1.0 2.264043 82.274000 199.758000 197.185000 243.393000 -1.000000 -1.000000 -1.000000 -1000.000000 -1000.000000 -1000.000000 1.690396 0.99995935 
Car -1.0 -1.0 -1.585695 614.655000 180.775000 642.828000 204.045000 -1.000000 -1.000000 -1.000000 -1000.000000 -1000.000000 -1000.000000 -1.557242 0.99577744 
Car -1.0 -1.0 1.802824 273.873000 183.196000 347.886000 226.933000 -1.000000 -1.000000 -1.000000 -1000.000000 -1000.000000 -1000.000000 1.408915 0.49770199 
Car -1.0 -1.0 1.948368 320.816000 190.112000 368.683000 213.931000 -1.000000 -1.000000 -1.000000 -1000.000000 -1000.000000 -1000.000000 1.599611 0.98222591 
Car -1.0 -1.0 2.974903 1.364000 201.551000 83.863000 262.522000 -1.000000 -1.000000 -1.000000 -1000.000000 -1000.000000 -1000.000000 2.305133 0.96609537 
Car -1.0 -1.0 -1.614751 629.057000 181.920000 665.328000 211.140000 -1.000000 -1.000000 -1.000000 -1000.000000 -1000.000000 -1000.000000 -1.557711 0.20528834 