Car -1.0 -1.0 -2.686773 222.732000 191.207000 424.441000 261.920000 -1.000000 -1.000000 -1.000000 -1000.000000 -1000.000000 -1000.000000 -3.055770 0.99999997 
Car -1.0 -1.0 -1.564030 610.390000 172.108000 645.434000 207.325000 -1.000000 -1.000000 -1.000000 -1000.000000 -1000.000000 -1000.000000 -1.536842 0.99999982 
Car -1.0 -1.0 -2.421306 5.343000 212.777000 252.337000 328.813000 -1.000000 -1.000000 -1.000000 -1000.000000 -1000.000000 -1000.000000 -2.999417 0.99999964 
Car -1.0 -1.0 -1.750260 691.016000 173.461000 770.606000 233.602000 -1.000000 -1.000000 -1.000000 -1000.000000 -1000.000000 -1000.000000 -1.585232 0.99999744 
Car -1.0 -1.0 -1.864381 748.534000 153.559000 925.018000 291.250000 -1.000000 -1.000000 -1.000000 -1000.000000 -1000.000000 -1000.000000 -1.572184 0.99998996 
Car -1.0 -1.0 -1.684402 677.763000 174.845000 733.053000 219.840000 -1.000000 -1.000000 -1.000000 -1000.000000 -1000.000000 -1000.000000 -1.550836 0.99997059 
Car -1.0 -1.0 -2.751891 322.966000 189.741000 455.111000 239.788000 -1.000000 -1.000000 -1.000000 -1000.000000 -1000.000000 -1000.000000 -3.037348 0.99997997 
Car -1.0 -1.0 -2.717543 388.276000 187.971000 490.954000 226.260000 -1.000000 -1.000000 -1.000000 -1000.000000 -1000.000000 -1000.000000 -2.951477 0.99964815 
Car -1.0 -1.0 -2.901431 466.979000 178.198000 538.869000 208.959000 -1.000000 -1.000000 -1.000000 -1000.000000 -1000.000000 -1000.000000 -3.047928 0.98171096 
Car -1.0 -1.0 -2.962001 497.406000 178.216000 559.060000 202.721000 -1.000000 -1.000000 -1.000000 -1000.000000 -1000.000000 -1000.000000 -3.077132 0.49766098 
Car -1.0 -1.0 -2.794204 425.900000 183.395000 515.952000 217.629000 -1.000000 -1.000000 -1.000000 -1000.000000 -1000.000000 -1000.000000 -2.975379 0.48876698 