Car -1.0 -1.0 -1.371760 476.498000 179.030000 553.783000 237.583000 -1.000000 -1.000000 -1.000000 -1000.000000 -1000.000000 -1000.000000 -1.494548 0.99999979 
Car -1.0 -1.0 -2.089553 871.143000 193.853000 1225.360000 374.997000 -1.000000 -1.000000 -1.000000 -1000.000000 -1000.000000 -1000.000000 -1.593006 0.99999991 
Car -1.0 -1.0 -1.241988 88.702000 188.738000 436.572000 374.432000 -1.000000 -1.000000 -1.000000 -1000.000000 -1000.000000 -1000.000000 -1.632916 0.99999920 
Car -1.0 -1.0 1.912824 276.548000 175.377000 342.343000 206.225000 -1.000000 -1.000000 -1.000000 -1000.000000 -1000.000000 -1000.000000 1.522488 0.99999273 
Car -1.0 -1.0 -1.350045 373.400000 167.712000 520.605000 276.853000 -1.000000 -1.000000 -1.000000 -1000.000000 -1000.000000 -1000.000000 -1.557555 0.99999237 
Car -1.0 -1.0 -1.792714 707.607000 172.198000 788.738000 229.411000 -1.000000 -1.000000 -1.000000 -1000.000000 -1000.000000 -1000.000000 -1.607824 0.99999002 
Car -1.0 -1.0 2.027141 38.690000 168.021000 172.859000 226.867000 -1.000000 -1.000000 -1.000000 -1000.000000 -1000.000000 -1000.000000 1.423902 0.99996498 
Car -1.0 -1.0 1.871700 330.858000 174.325000 385.316000 203.417000 -1.000000 -1.000000 -1.000000 -1000.000000 -1000.000000 -1000.000000 1.539962 0.99979009 
Car -1.0 -1.0 -0.464370 895.339000 183.182000 1017.691000 226.472000 -1.000000 -1.000000 -1.000000 -1000.000000 -1000.000000 -1000.000000 -0.019889 0.49995622 
Car -1.0 -1.0 -1.703921 662.362000 178.725000 693.081000 200.388000 -1.000000 -1.000000 -1.000000 -1000.000000 -1000.000000 -1000.000000 -1.608162 0.99936968 
Car -1.0 -1.0 2.024781 159.952000 170.902000 272.274000 216.127000 -1.000000 -1.000000 -1.000000 -1000.000000 -1000.000000 -1000.000000 1.532932 0.99955499 
Car -1.0 -1.0 -0.513605 1000.529000 179.509000 1221.555000 262.682000 -1.000000 -1.000000 -1.000000 -1000.000000 -1000.000000 -1000.000000 0.093028 0.99705461 