Car -1.0 -1.0 -1.936011 800.394000 184.326000 1050.013000 333.260000 -1.000000 -1.000000 -1.000000 -1000.000000 -1000.000000 -1000.000000 -1.548238 0.99999997 
Car -1.0 -1.0 -1.705358 724.863000 181.914000 803.048000 241.535000 -1.000000 -1.000000 -1.000000 -1000.000000 -1000.000000 -1000.000000 -1.498566 0.99999857 
Car -1.0 -1.0 -1.749278 746.771000 182.907000 853.638000 263.981000 -1.000000 -1.000000 -1.000000 -1000.000000 -1000.000000 -1000.000000 -1.496232 0.99999639 
Car -1.0 -1.0 -1.747795 699.049000 180.109000 759.490000 223.723000 -1.000000 -1.000000 -1.000000 -1000.000000 -1000.000000 -1000.000000 -1.586492 0.99997666 
Car -1.0 -1.0 0.484272 73.406000 160.180000 453.821000 324.840000 -1.000000 -1.000000 -1.000000 -1000.000000 -1000.000000 -1000.000000 0.049367 0.99994850 
Car -1.0 -1.0 0.643403 232.933000 161.772000 503.964000 288.434000 -1.000000 -1.000000 -1.000000 -1000.000000 -1000.000000 -1000.000000 0.333234 0.73735221 
Car -1.0 -1.0 -1.631697 687.185000 180.399000 722.913000 208.744000 -1.000000 -1.000000 -1.000000 -1000.000000 -1000.000000 -1000.000000 -1.499266 0.99745701 
Car -1.0 -1.0 1.494867 916.699000 176.268000 1241.041000 374.868000 -1.000000 -1.000000 -1.000000 -1000.000000 -1000.000000 -1000.000000 2.083643 0.99813244 
Car -1.0 -1.0 0.653944 333.900000 180.321000 542.503000 264.061000 -1.000000 -1.000000 -1.000000 -1000.000000 -1000.000000 -1000.000000 0.410999 0.73199725 
Car -1.0 -1.0 -2.862996 512.797000 175.086000 604.377000 209.122000 -1.000000 -1.000000 -1.000000 -1000.000000 -1000.000000 -1000.000000 -2.921519 0.99452484 
Car -1.0 -1.0 0.323003 474.384000 172.387000 590.217000 215.153000 -1.000000 -1.000000 -1.000000 -1000.000000 -1000.000000 -1000.000000 0.218397 0.24294390 