Car -1.0 -1.0 2.141650 581.658000 175.131000 690.415000 226.347000 -1.000000 -1.000000 -1.000000 -1000.000000 -1000.000000 -1000.000000 2.175921 0.99999902 
Car -1.0 -1.0 0.966131 958.088000 156.997000 1139.714000 230.046000 -1.000000 -1.000000 -1.000000 -1000.000000 -1000.000000 -1000.000000 1.506377 0.99999949 
Car -1.0 -1.0 -1.678815 180.138000 176.713000 270.516000 242.409000 -1.000000 -1.000000 -1.000000 -1000.000000 -1000.000000 -1000.000000 -2.169655 0.99998981 
Car -1.0 -1.0 2.109266 528.856000 178.893000 636.101000 221.061000 -1.000000 -1.000000 -1.000000 -1000.000000 -1000.000000 -1000.000000 2.072907 0.99800876 
Car -1.0 -1.0 2.250935 831.324000 178.458000 933.710000 216.337000 -1.000000 -1.000000 -1.000000 -1000.000000 -1000.000000 -1000.000000 2.609814 0.99998134 
Car -1.0 -1.0 1.487104 726.327000 174.874000 807.485000 234.738000 -1.000000 -1.000000 -1.000000 -1000.000000 -1000.000000 -1000.000000 1.706557 0.99991645 
Car -1.0 -1.0 2.286737 780.630000 179.759000 874.135000 215.330000 -1.000000 -1.000000 -1.000000 -1000.000000 -1000.000000 -1000.000000 2.577131 0.99987897 
Car -1.0 -1.0 -2.263883 1019.886000 157.263000 1240.924000 221.850000 -1.000000 -1.000000 -1.000000 -1000.000000 -1000.000000 -1000.000000 -1.646093 0.99897431 
Car -1.0 -1.0 2.206015 490.401000 178.092000 588.071000 217.538000 -1.000000 -1.000000 -1.000000 -1000.000000 -1000.000000 -1000.000000 2.113565 0.47785220 
Car -1.0 -1.0 2.297961 887.969000 170.190000 1005.929000 215.131000 -1.000000 -1.000000 -1.000000 -1000.000000 -1000.000000 -1000.000000 2.728392 0.46855520 
Car -1.0 -1.0 2.117664 698.548000 180.228000 770.678000 211.081000 -1.000000 -1.000000 -1.000000 -1000.000000 -1000.000000 -1000.000000 2.285409 0.45690002 
Car -1.0 -1.0 2.216805 685.831000 180.669000 763.500000 211.769000 -1.000000 -1.000000 -1.000000 -1000.000000 -1000.000000 -1000.000000 2.372865 0.44906992 
Car -1.0 -1.0 2.226055 446.721000 178.196000 539.954000 216.393000 -1.000000 -1.000000 -1.000000 -1000.000000 -1000.000000 -1000.000000 2.074033 0.42063446 
Car -1.0 -1.0 -0.343800 0.000000 192.272000 146.100000 330.462000 -1.000000 -1.000000 -1.000000 -1000.000000 -1000.000000 -1000.000000 -0.992725 0.37859890 