Car -1.0 -1.0 -1.775143 2.785000 186.793000 129.015000 281.809000 -1.000000 -1.000000 -1.000000 -1000.000000 -1000.000000 -1000.000000 -2.424638 0.99998757 
Car -1.0 -1.0 0.756133 650.777000 179.041000 758.641000 220.167000 -1.000000 -1.000000 -1.000000 -1000.000000 -1000.000000 -1000.000000 0.884446 0.99931452 
Car -1.0 -1.0 2.307423 518.349000 192.330000 590.147000 223.926000 -1.000000 -1.000000 -1.000000 -1000.000000 -1000.000000 -1000.000000 2.236831 0.99984603 
Car -1.0 -1.0 1.679817 1077.163000 165.507000 1123.051000 192.634000 -1.000000 -1.000000 -1.000000 -1000.000000 -1000.000000 -1000.000000 2.278199 0.99985498 
Car -1.0 -1.0 1.175751 599.060000 177.688000 691.285000 224.480000 -1.000000 -1.000000 -1.000000 -1000.000000 -1000.000000 -1000.000000 1.227511 0.99988064 
Car -1.0 -1.0 -0.741631 307.978000 192.485000 403.111000 233.064000 -1.000000 -1.000000 -1.000000 -1000.000000 -1000.000000 -1000.000000 -1.067724 0.99988122 
Car -1.0 -1.0 1.639135 431.031000 190.336000 496.816000 231.421000 -1.000000 -1.000000 -1.000000 -1000.000000 -1000.000000 -1000.000000 1.442669 0.98754528 
Car -1.0 -1.0 2.094609 251.932000 195.587000 348.549000 232.732000 -1.000000 -1.000000 -1.000000 -1000.000000 -1000.000000 -1000.000000 1.692320 0.99820051 
Car -1.0 -1.0 -2.895441 804.652000 173.226000 876.973000 204.306000 -1.000000 -1.000000 -1.000000 -1000.000000 -1000.000000 -1000.000000 -2.589020 0.49977194 
Car -1.0 -1.0 0.627572 750.336000 175.583000 832.207000 211.449000 -1.000000 -1.000000 -1.000000 -1000.000000 -1000.000000 -1000.000000 0.882669 0.99490519 
Car -1.0 -1.0 0.702545 707.127000 177.952000 790.445000 215.797000 -1.000000 -1.000000 -1.000000 -1000.000000 -1000.000000 -1000.000000 0.895755 0.49949969 
Car -1.0 -1.0 2.302414 114.511000 196.347000 214.100000 232.567000 -1.000000 -1.000000 -1.000000 -1000.000000 -1000.000000 -1000.000000 1.759265 0.99889044 
Car -1.0 -1.0 2.211917 208.854000 196.769000 311.102000 233.146000 -1.000000 -1.000000 -1.000000 -1000.000000 -1000.000000 -1000.000000 1.760071 0.47706446 
Car -1.0 -1.0 2.405591 138.938000 194.350000 260.932000 233.325000 -1.000000 -1.000000 -1.000000 -1000.000000 -1000.000000 -1000.000000 1.906950 0.47078826 
Car -1.0 -1.0 1.598924 1107.050000 163.138000 1145.394000 185.066000 -1.000000 -1.000000 -1.000000 -1000.000000 -1000.000000 -1000.000000 2.219653 0.42232670 
Car -1.0 -1.0 2.311280 565.159000 187.692000 638.053000 222.114000 -1.000000 -1.000000 -1.000000 -1000.000000 -1000.000000 -1000.000000 2.301032 0.19798578 
Car -1.0 -1.0 -2.401898 811.577000 174.199000 868.584000 203.141000 -1.000000 -1.000000 -1.000000 -1000.000000 -1000.000000 -1000.000000 -2.095598 0.16711707 