Car -1.0 -1.0 -1.303754 267.196000 164.684000 501.355000 322.559000 -1.000000 -1.000000 -1.000000 -1000.000000 -1000.000000 -1000.000000 -1.580213 0.99999982 
Car -1.0 -1.0 0.259204 5.451000 200.279000 327.267000 373.060000 -1.000000 -1.000000 -1.000000 -1000.000000 -1000.000000 -1000.000000 -0.281478 0.99999967 
Car -1.0 -1.0 -1.342139 447.062000 180.418000 546.000000 255.093000 -1.000000 -1.000000 -1.000000 -1000.000000 -1000.000000 -1000.000000 -1.491996 0.99999896 
Car -1.0 -1.0 -1.812014 722.206000 174.285000 822.671000 243.423000 -1.000000 -1.000000 -1.000000 -1000.000000 -1000.000000 -1000.000000 -1.594784 0.99999836 
Car -1.0 -1.0 2.120305 90.226000 171.722000 231.854000 223.830000 -1.000000 -1.000000 -1.000000 -1000.000000 -1000.000000 -1000.000000 1.571678 0.99987566 
Car -1.0 -1.0 1.982345 242.583000 175.405000 318.300000 211.306000 -1.000000 -1.000000 -1.000000 -1000.000000 -1000.000000 -1000.000000 1.557112 0.99997768 
Car -1.0 -1.0 -0.302919 986.761000 200.122000 1237.526000 374.732000 -1.000000 -1.000000 -1.000000 -1000.000000 -1000.000000 -1000.000000 0.311420 0.99972284 
Car -1.0 -1.0 -1.446252 489.922000 177.867000 556.943000 233.092000 -1.000000 -1.000000 -1.000000 -1000.000000 -1000.000000 -1000.000000 -1.563788 0.49992225 
Car -1.0 -1.0 -1.749391 668.006000 182.530000 699.836000 204.648000 -1.000000 -1.000000 -1.000000 -1000.000000 -1000.000000 -1000.000000 -1.646276 0.99905545 
Car -1.0 -1.0 -1.058309 1087.242000 187.504000 1239.898000 272.709000 -1.000000 -1.000000 -1.000000 -1000.000000 -1000.000000 -1000.000000 -0.394351 0.99881011 
Car -1.0 -1.0 2.092300 0.296000 170.578000 97.243000 240.447000 -1.000000 -1.000000 -1.000000 -1000.000000 -1000.000000 -1000.000000 1.425582 0.99697232 
Car -1.0 -1.0 -1.558980 502.700000 173.672000 560.577000 224.895000 -1.000000 -1.000000 -1.000000 -1000.000000 -1000.000000 -1000.000000 -1.655185 0.49968386 
Car -1.0 -1.0 -0.429859 933.642000 187.871000 1072.658000 235.688000 -1.000000 -1.000000 -1.000000 -1000.000000 -1000.000000 -1000.000000 0.072446 0.49896835 