Car -1.0 -1.0 -1.613604 677.562000 183.186000 744.374000 244.455000 -1.000000 -1.000000 -1.000000 -1000.000000 -1000.000000 -1000.000000 -1.474307 1.00000000 
Car -1.0 -1.0 -1.555307 572.298000 180.838000 651.673000 255.560000 -1.000000 -1.000000 -1.000000 -1000.000000 -1000.000000 -1000.000000 -1.549133 1.00000000 
Car -1.0 -1.0 -1.772192 705.428000 183.006000 862.270000 300.850000 -1.000000 -1.000000 -1.000000 -1000.000000 -1000.000000 -1000.000000 -1.550407 0.99999991 
Car -1.0 -1.0 1.917602 263.946000 194.545000 444.222000 305.586000 -1.000000 -1.000000 -1.000000 -1000.000000 -1000.000000 -1000.000000 1.601387 0.99999991 
Car -1.0 -1.0 0.268264 167.869000 193.772000 255.952000 223.329000 -1.000000 -1.000000 -1.000000 -1000.000000 -1000.000000 -1000.000000 -0.232410 0.99999207 
Car -1.0 -1.0 1.705327 540.696000 181.977000 585.796000 216.765000 -1.000000 -1.000000 -1.000000 -1000.000000 -1000.000000 -1000.000000 1.645507 0.99999279 
Car -1.0 -1.0 -2.031050 804.965000 187.459000 1242.000000 374.307000 -1.000000 -1.000000 -1.000000 -1000.000000 -1000.000000 -1000.000000 -1.570570 0.99994472 
Car -1.0 -1.0 -1.550278 599.450000 173.583000 656.604000 229.468000 -1.000000 -1.000000 -1.000000 -1000.000000 -1000.000000 -1000.000000 -1.519558 0.99996099 
Car -1.0 -1.0 3.130670 376.347000 184.353000 456.306000 213.401000 -1.000000 -1.000000 -1.000000 -1000.000000 -1000.000000 -1000.000000 2.870821 0.99969482 
Car -1.0 -1.0 0.568382 0.000000 195.405000 102.715000 231.139000 -1.000000 -1.000000 -1.000000 -1000.000000 -1000.000000 -1000.000000 -0.079625 0.48634286 
Car -1.0 -1.0 -1.527598 668.995000 180.744000 720.775000 229.918000 -1.000000 -1.000000 -1.000000 -1000.000000 -1000.000000 -1000.000000 -1.403565 0.24328361 