Car -1.0 -1.0 -2.629783 198.794000 188.329000 387.241000 256.920000 -1.000000 -1.000000 -1.000000 -1000.000000 -1000.000000 -1000.000000 -3.032238 0.99999997 
Car -1.0 -1.0 -2.295718 0.000000 198.586000 240.834000 323.720000 -1.000000 -1.000000 -1.000000 -1000.000000 -1000.000000 -1000.000000 -2.902316 0.99999911 
Car -1.0 -1.0 -1.900081 747.513000 182.451000 976.833000 326.302000 -1.000000 -1.000000 -1.000000 -1000.000000 -1000.000000 -1000.000000 -1.589826 1.00000000 
Car -1.0 -1.0 -1.568487 598.857000 171.683000 632.350000 204.104000 -1.000000 -1.000000 -1.000000 -1000.000000 -1000.000000 -1000.000000 -1.558790 0.99999961 
Car -1.0 -1.0 -1.789435 699.504000 175.153000 819.130000 257.202000 -1.000000 -1.000000 -1.000000 -1000.000000 -1000.000000 -1000.000000 -1.595099 0.99999896 
Car -1.0 -1.0 -2.464301 68.617000 193.605000 303.524000 296.052000 -1.000000 -1.000000 -1.000000 -1000.000000 -1000.000000 -1000.000000 -2.992381 0.99968587 
Car -1.0 -1.0 -2.731617 325.355000 180.581000 456.404000 229.039000 -1.000000 -1.000000 -1.000000 -1000.000000 -1000.000000 -1000.000000 -3.019973 0.99953541 
Car -1.0 -1.0 -2.750055 433.463000 173.889000 521.795000 208.948000 -1.000000 -1.000000 -1.000000 -1000.000000 -1000.000000 -1000.000000 -2.930628 0.99976778 
Car -1.0 -1.0 -0.759648 0.556000 196.300000 131.376000 371.732000 -1.000000 -1.000000 -1.000000 -1000.000000 -1000.000000 -1000.000000 -1.414578 0.99951662 
Car -1.0 -1.0 -2.719689 262.529000 184.945000 432.053000 243.196000 -1.000000 -1.000000 -1.000000 -1000.000000 -1000.000000 -1000.000000 -3.063060 0.74911083 
Car -1.0 -1.0 -2.888057 394.621000 179.573000 486.722000 216.917000 -1.000000 -1.000000 -1.000000 -1000.000000 -1000.000000 -1000.000000 -3.108865 0.99348505 