Car -1.0 -1.0 1.910797 997.842000 178.219000 1232.161000 280.011000 -1.000000 -1.000000 -1.000000 -1000.000000 -1000.000000 -1000.000000 2.521926 0.99999848 
Car -1.0 -1.0 -1.527833 454.224000 178.844000 504.660000 223.802000 -1.000000 -1.000000 -1.000000 -1000.000000 -1000.000000 -1000.000000 -1.704440 0.99999949 
Car -1.0 -1.0 -1.308224 283.321000 189.616000 416.746000 271.667000 -1.000000 -1.000000 -1.000000 -1000.000000 -1000.000000 -1000.000000 -1.638050 0.99999949 
Car -1.0 -1.0 1.954312 134.335000 193.388000 226.947000 240.782000 -1.000000 -1.000000 -1.000000 -1000.000000 -1000.000000 -1000.000000 1.420422 0.99999368 
Car -1.0 -1.0 2.046498 8.032000 199.396000 143.433000 262.921000 -1.000000 -1.000000 -1.000000 -1000.000000 -1000.000000 -1000.000000 1.418002 0.99998730 
Car -1.0 -1.0 1.888339 204.554000 196.816000 260.039000 223.210000 -1.000000 -1.000000 -1.000000 -1000.000000 -1000.000000 -1000.000000 1.408477 0.99982962 
Car -1.0 -1.0 2.150035 768.676000 176.800000 905.940000 236.150000 -1.000000 -1.000000 -1.000000 -1000.000000 -1000.000000 -1000.000000 2.455929 0.99984710 
Car -1.0 -1.0 2.097392 825.348000 179.046000 970.796000 245.039000 -1.000000 -1.000000 -1.000000 -1000.000000 -1000.000000 -1000.000000 2.480646 0.99989812 
Car -1.0 -1.0 2.213114 726.061000 178.134000 837.815000 227.435000 -1.000000 -1.000000 -1.000000 -1000.000000 -1000.000000 -1000.000000 2.455551 0.99974871 
Car -1.0 -1.0 2.093812 894.418000 178.512000 1084.810000 259.488000 -1.000000 -1.000000 -1.000000 -1000.000000 -1000.000000 -1000.000000 2.573218 0.99922973 
Car -1.0 -1.0 -1.639771 560.315000 177.253000 588.070000 199.281000 -1.000000 -1.000000 -1.000000 -1000.000000 -1000.000000 -1000.000000 -1.687369 0.49849762 
Car -1.0 -1.0 -0.167922 1153.559000 187.660000 1241.904000 246.443000 -1.000000 -1.000000 -1.000000 -1000.000000 -1000.000000 -1000.000000 0.520962 0.96096720 