Car -1.0 -1.0 -1.952298 62.866000 181.290000 272.681000 291.417000 -1.000000 -1.000000 -1.000000 -1000.000000 -1000.000000 -1000.000000 -2.504080 1.00000000 
Car -1.0 -1.0 1.091517 271.351000 188.937000 353.353000 224.904000 -1.000000 -1.000000 -1.000000 -1000.000000 -1000.000000 -1000.000000 0.704623 0.99997860 
Car -1.0 -1.0 -2.531236 316.543000 188.758000 395.191000 219.472000 -1.000000 -1.000000 -1.000000 -1000.000000 -1000.000000 -1000.000000 -2.871998 0.99495409 
Car -1.0 -1.0 -0.828115 0.108000 204.005000 78.524000 245.346000 -1.000000 -1.000000 -1.000000 -1000.000000 -1000.000000 -1000.000000 -1.498040 0.99368437 
Car -1.0 -1.0 1.749762 633.550000 175.856000 662.755000 194.589000 -1.000000 -1.000000 -1.000000 -1000.000000 -1000.000000 -1000.000000 1.804961 0.99676348 
Car -1.0 -1.0 -0.958531 817.611000 169.280000 881.679000 195.237000 -1.000000 -1.000000 -1.000000 -1000.000000 -1000.000000 -1000.000000 -0.630371 0.77299745 
Car -1.0 -1.0 -2.356339 410.053000 185.091000 462.017000 209.533000 -1.000000 -1.000000 -1.000000 -1000.000000 -1000.000000 -1000.000000 -2.588705 0.86085624 
Car -1.0 -1.0 -0.099010 749.341000 169.858000 785.189000 186.563000 -1.000000 -1.000000 -1.000000 -1000.000000 -1000.000000 -1000.000000 0.116013 0.46196093 
Car -1.0 -1.0 3.128984 438.022000 183.988000 484.567000 204.316000 -1.000000 -1.000000 -1.000000 -1000.000000 -1000.000000 -1000.000000 2.927819 0.29982029 
Car -1.0 -1.0 1.676782 657.129000 172.744000 681.517000 190.414000 -1.000000 -1.000000 -1.000000 -1000.000000 -1000.000000 -1000.000000 1.758909 0.29950792 
Car -1.0 -1.0 1.020230 366.321000 187.596000 422.015000 214.376000 -1.000000 -1.000000 -1.000000 -1000.000000 -1000.000000 -1000.000000 0.733482 0.40591657 
Car -1.0 -1.0 -0.952671 763.959000 169.920000 800.063000 187.406000 -1.000000 -1.000000 -1.000000 -1000.000000 -1000.000000 -1000.000000 -0.717053 0.15160896 
Car -1.0 -1.0 1.698932 449.062000 186.996000 486.069000 206.271000 -1.000000 -1.000000 -1.000000 -1000.000000 -1000.000000 -1000.000000 1.501920 0.10943656 