Car -1.0 -1.0 -1.680751 1.631000 178.577000 120.779000 274.935000 -1.000000 -1.000000 -1.000000 -1000.000000 -1000.000000 -1000.000000 -2.332169 0.99999589 
Car -1.0 -1.0 1.712665 1028.233000 166.692000 1070.210000 192.431000 -1.000000 -1.000000 -1.000000 -1000.000000 -1000.000000 -1000.000000 2.260797 0.99995869 
Car -1.0 -1.0 1.176850 569.442000 174.966000 656.625000 221.140000 -1.000000 -1.000000 -1.000000 -1000.000000 -1000.000000 -1000.000000 1.183291 0.99993023 
Car -1.0 -1.0 2.177093 286.746000 187.996000 377.023000 227.148000 -1.000000 -1.000000 -1.000000 -1000.000000 -1000.000000 -1000.000000 1.807549 0.99943307 
Car -1.0 -1.0 0.381771 677.281000 175.031000 772.988000 211.015000 -1.000000 -1.000000 -1.000000 -1000.000000 -1000.000000 -1000.000000 0.536733 0.49977984 
Car -1.0 -1.0 2.123891 221.573000 190.029000 320.099000 227.273000 -1.000000 -1.000000 -1.000000 -1000.000000 -1000.000000 -1000.000000 1.687080 0.99846223 
Car -1.0 -1.0 0.794832 617.160000 177.273000 718.232000 216.000000 -1.000000 -1.000000 -1.000000 -1000.000000 -1000.000000 -1000.000000 0.876628 0.99838141 
Car -1.0 -1.0 1.634072 403.170000 186.853000 468.706000 226.613000 -1.000000 -1.000000 -1.000000 -1000.000000 -1000.000000 -1000.000000 1.398875 0.98757502 
Car -1.0 -1.0 1.605597 1054.837000 162.592000 1092.107000 185.941000 -1.000000 -1.000000 -1.000000 -1000.000000 -1000.000000 -1000.000000 2.177742 0.99172513 
Car -1.0 -1.0 -1.343404 697.766000 174.670000 788.485000 209.553000 -1.000000 -1.000000 -1.000000 -1000.000000 -1000.000000 -1000.000000 -1.146641 0.49806286 
Car -1.0 -1.0 2.246379 532.986000 184.024000 604.731000 219.634000 -1.000000 -1.000000 -1.000000 -1000.000000 -1000.000000 -1000.000000 2.191597 0.49714044 
Car -1.0 -1.0 2.189119 102.797000 189.931000 200.169000 227.199000 -1.000000 -1.000000 -1.000000 -1000.000000 -1000.000000 -1000.000000 1.624214 0.49539083 
Car -1.0 -1.0 2.309622 116.927000 190.419000 218.992000 227.375000 -1.000000 -1.000000 -1.000000 -1000.000000 -1000.000000 -1000.000000 1.776117 0.48695917 
Car -1.0 -1.0 2.207455 178.443000 191.025000 279.760000 227.432000 -1.000000 -1.000000 -1.000000 -1000.000000 -1000.000000 -1000.000000 1.721720 0.88716774 
Car -1.0 -1.0 2.086570 371.562000 193.321000 432.846000 218.483000 -1.000000 -1.000000 -1.000000 -1000.000000 -1000.000000 -1000.000000 1.802845 0.46661937 
Car -1.0 -1.0 -2.448690 762.111000 171.525000 831.436000 201.682000 -1.000000 -1.000000 -1.000000 -1000.000000 -1000.000000 -1000.000000 -2.186113 0.46567599 
Car -1.0 -1.0 -2.212079 719.361000 174.806000 802.854000 207.117000 -1.000000 -1.000000 -1.000000 -1000.000000 -1000.000000 -1000.000000 -1.998913 0.41584368 
Car -1.0 -1.0 0.506406 666.711000 176.378000 741.308000 211.970000 -1.000000 -1.000000 -1.000000 -1000.000000 -1000.000000 -1000.000000 0.651882 0.38217270 
Car -1.0 -1.0 2.284138 489.812000 188.665000 561.334000 220.262000 -1.000000 -1.000000 -1.000000 -1000.000000 -1000.000000 -1000.000000 2.171719 0.33509022 