Car -1.0 -1.0 -1.921424 1.081000 181.931000 151.146000 286.541000 -1.000000 -1.000000 -1.000000 -1000.000000 -1000.000000 -1000.000000 -2.568275 0.99999845 
Car -1.0 -1.0 1.192927 441.774000 177.113000 524.772000 217.601000 -1.000000 -1.000000 -1.000000 -1000.000000 -1000.000000 -1000.000000 1.024503 0.99998313 
Car -1.0 -1.0 2.595744 1090.518000 159.028000 1194.776000 192.545000 -1.000000 -1.000000 -1.000000 -1000.000000 -1000.000000 -1000.000000 -3.053260 0.49997440 
Car -1.0 -1.0 2.357753 363.833000 190.968000 430.864000 221.139000 -1.000000 -1.000000 -1.000000 -1000.000000 -1000.000000 -1000.000000 2.076642 0.99974371 
Car -1.0 -1.0 -0.989113 1115.386000 158.984000 1220.511000 193.592000 -1.000000 -1.000000 -1.000000 -1000.000000 -1000.000000 -1000.000000 -0.328484 0.49984448 
Car -1.0 -1.0 0.740705 487.627000 177.857000 575.042000 214.041000 -1.000000 -1.000000 -1.000000 -1000.000000 -1000.000000 -1000.000000 0.635519 0.99957298 
Car -1.0 -1.0 0.938263 590.748000 174.623000 647.974000 201.887000 -1.000000 -1.000000 -1.000000 -1000.000000 -1000.000000 -1000.000000 0.951119 0.99796169 
Car -1.0 -1.0 2.161727 159.813000 191.858000 247.456000 230.823000 -1.000000 -1.000000 -1.000000 -1000.000000 -1000.000000 -1000.000000 1.650985 0.99618912 
Car -1.0 -1.0 1.711984 844.775000 164.858000 879.249000 187.450000 -1.000000 -1.000000 -1.000000 -1000.000000 -1000.000000 -1000.000000 2.049915 0.99628003 
Car -1.0 -1.0 1.622752 869.929000 162.288000 897.734000 181.740000 -1.000000 -1.000000 -1.000000 -1000.000000 -1000.000000 -1000.000000 1.988413 0.98450145 
Car -1.0 -1.0 2.959268 986.546000 159.068000 1038.878000 179.968000 -1.000000 -1.000000 -1.000000 -1000.000000 -1000.000000 -1000.000000 -2.813980 0.88808045 
Car -1.0 -1.0 -1.187525 1019.941000 159.308000 1068.521000 181.899000 -1.000000 -1.000000 -1.000000 -1000.000000 -1000.000000 -1000.000000 -0.645200 0.95008565 
Car -1.0 -1.0 -1.957156 1167.681000 151.175000 1242.000000 193.499000 -1.000000 -1.000000 -1.000000 -1000.000000 -1000.000000 -1000.000000 -1.264682 0.48181838 
Car -1.0 -1.0 1.395475 625.746000 174.169000 670.311000 197.092000 -1.000000 -1.000000 -1.000000 -1000.000000 -1000.000000 -1000.000000 1.450002 0.47163326 
Car -1.0 -1.0 0.664749 535.533000 176.940000 607.348000 207.775000 -1.000000 -1.000000 -1.000000 -1000.000000 -1000.000000 -1000.000000 0.620753 0.80774997 
Car -1.0 -1.0 2.088926 106.427000 194.777000 202.936000 231.823000 -1.000000 -1.000000 -1.000000 -1000.000000 -1000.000000 -1000.000000 1.522349 0.89082967 
Car -1.0 -1.0 2.478163 408.556000 186.157000 476.452000 217.481000 -1.000000 -1.000000 -1.000000 -1000.000000 -1000.000000 -1000.000000 2.250543 0.46086964 
Car -1.0 -1.0 2.629200 1079.375000 159.972000 1181.542000 190.902000 -1.000000 -1.000000 -1.000000 -1000.000000 -1000.000000 -1000.000000 -3.021618 0.46771021 
Car -1.0 -1.0 2.333728 325.460000 193.941000 390.143000 219.408000 -1.000000 -1.000000 -1.000000 -1000.000000 -1000.000000 -1000.000000 2.001806 0.46434858 
Car -1.0 -1.0 1.733090 628.458000 172.177000 678.099000 197.002000 -1.000000 -1.000000 -1.000000 -1000.000000 -1000.000000 -1000.000000 1.789764 0.44158356 
Car -1.0 -1.0 -3.127712 670.920000 170.542000 714.318000 194.823000 -1.000000 -1.000000 -1.000000 -1000.000000 -1000.000000 -1000.000000 -3.010663 0.14345048 