Car -1.0 -1.0 -1.872347 707.421000 166.533000 855.318000 266.317000 -1.000000 -1.000000 -1.000000 -1000.000000 -1000.000000 -1000.000000 -1.647238 0.99999973 
Car -1.0 -1.0 2.084944 180.152000 192.887000 261.908000 227.240000 -1.000000 -1.000000 -1.000000 -1000.000000 -1000.000000 -1000.000000 1.591504 0.99999952 
Car -1.0 -1.0 -1.760932 656.022000 172.223000 729.486000 222.789000 -1.000000 -1.000000 -1.000000 -1000.000000 -1000.000000 -1000.000000 -1.648225 0.99999931 
Car -1.0 -1.0 2.036997 256.650000 188.339000 317.411000 217.350000 -1.000000 -1.000000 -1.000000 -1000.000000 -1000.000000 -1000.000000 1.618740 0.99999413 
Car -1.0 -1.0 2.244522 65.550000 197.532000 187.157000 242.691000 -1.000000 -1.000000 -1.000000 -1000.000000 -1000.000000 -1000.000000 1.659511 0.99999672 
Car -1.0 -1.0 -0.287315 842.187000 166.798000 1238.108000 373.545000 -1.000000 -1.000000 -1.000000 -1000.000000 -1000.000000 -1000.000000 0.222022 0.99999371 
Car -1.0 -1.0 -1.736694 640.177000 173.619000 696.910000 214.270000 -1.000000 -1.000000 -1.000000 -1000.000000 -1000.000000 -1000.000000 -1.657270 0.99991938 
Car -1.0 -1.0 1.952930 315.374000 186.181000 364.853000 209.248000 -1.000000 -1.000000 -1.000000 -1000.000000 -1000.000000 -1000.000000 1.598080 0.99980831 
Car -1.0 -1.0 -1.654573 623.338000 173.404000 661.912000 201.930000 -1.000000 -1.000000 -1.000000 -1000.000000 -1000.000000 -1000.000000 -1.606525 0.99345912 
Car -1.0 -1.0 -1.616528 606.103000 173.466000 632.896000 194.537000 -1.000000 -1.000000 -1.000000 -1000.000000 -1000.000000 -1000.000000 -1.602773 0.48834416 
Car -1.0 -1.0 1.695649 349.238000 176.235000 400.151000 208.616000 -1.000000 -1.000000 -1.000000 -1000.000000 -1000.000000 -1000.000000 1.380463 0.45120262 