Car -1.0 -1.0 -2.067488 902.939000 181.354000 1228.338000 374.524000 -1.000000 -1.000000 -1.000000 -1000.000000 -1000.000000 -1000.000000 -1.519550 0.99999976 
Car -1.0 -1.0 -1.937184 817.315000 174.544000 1028.310000 295.373000 -1.000000 -1.000000 -1.000000 -1000.000000 -1000.000000 -1000.000000 -1.546867 0.99999961 
Car -1.0 -1.0 -2.396455 555.844000 178.114000 613.436000 202.132000 -1.000000 -1.000000 -1.000000 -1000.000000 -1000.000000 -1000.000000 -2.430288 0.99999946 
Car -1.0 -1.0 2.924583 380.365000 186.278000 454.531000 212.260000 -1.000000 -1.000000 -1.000000 -1000.000000 -1000.000000 -1000.000000 2.663879 0.99999022 
Car -1.0 -1.0 1.809689 464.777000 183.666000 500.709000 201.634000 -1.000000 -1.000000 -1.000000 -1000.000000 -1000.000000 -1000.000000 1.633773 0.99932021 
Car -1.0 -1.0 -1.738201 715.935000 177.125000 773.345000 221.092000 -1.000000 -1.000000 -1.000000 -1000.000000 -1000.000000 -1000.000000 -1.551889 0.49943930 
Car -1.0 -1.0 2.425067 200.677000 187.316000 304.354000 223.585000 -1.000000 -1.000000 -1.000000 -1000.000000 -1000.000000 -1000.000000 1.956916 0.49298780 
Car -1.0 -1.0 2.445399 282.977000 189.561000 373.981000 220.251000 -1.000000 -1.000000 -1.000000 -1000.000000 -1000.000000 -1000.000000 2.068510 0.93183185 
Car -1.0 -1.0 2.790667 213.418000 186.696000 319.575000 222.579000 -1.000000 -1.000000 -1.000000 -1000.000000 -1000.000000 -1000.000000 2.333757 0.47008900 
Car -1.0 -1.0 2.567798 61.775000 194.985000 181.089000 234.922000 -1.000000 -1.000000 -1.000000 -1000.000000 -1000.000000 -1000.000000 1.974931 0.89364874 
Car -1.0 -1.0 -1.632256 612.985000 175.694000 642.706000 195.274000 -1.000000 -1.000000 -1.000000 -1000.000000 -1000.000000 -1000.000000 -1.606566 0.77590410 