Car -1.0 -1.0 -2.547889 7.898000 193.062000 287.916000 307.827000 -1.000000 -1.000000 -1.000000 -1000.000000 -1000.000000 -1000.000000 -3.104266 0.99999887 
Car -1.0 -1.0 -1.551044 608.088000 172.361000 642.817000 205.671000 -1.000000 -1.000000 -1.000000 -1000.000000 -1000.000000 -1000.000000 -1.526727 0.99999973 
Car -1.0 -1.0 -1.748419 691.580000 175.965000 775.054000 236.913000 -1.000000 -1.000000 -1.000000 -1000.000000 -1000.000000 -1000.000000 -1.581274 0.99999765 
Car -1.0 -1.0 -2.684236 305.576000 188.532000 445.320000 239.154000 -1.000000 -1.000000 -1.000000 -1000.000000 -1000.000000 -1000.000000 -2.997962 0.99999166 
Car -1.0 -1.0 -1.832323 721.686000 178.608000 853.111000 270.630000 -1.000000 -1.000000 -1.000000 -1000.000000 -1000.000000 -1000.000000 -1.601593 0.99999627 
Car -1.0 -1.0 -2.555262 166.147000 190.944000 368.904000 273.116000 -1.000000 -1.000000 -1.000000 -1000.000000 -1000.000000 -1000.000000 -2.994311 0.99996904 
Car -1.0 -1.0 -2.705967 469.898000 176.094000 541.760000 205.077000 -1.000000 -1.000000 -1.000000 -1000.000000 -1000.000000 -1000.000000 -2.852846 0.49996358 
Car -1.0 -1.0 -2.591945 239.672000 191.415000 392.417000 256.394000 -1.000000 -1.000000 -1.000000 -1000.000000 -1000.000000 -1000.000000 -2.981471 0.74761884 
Car -1.0 -1.0 -2.888049 438.792000 177.905000 519.321000 212.289000 -1.000000 -1.000000 -1.000000 -1000.000000 -1000.000000 -1000.000000 -3.067661 0.99610703 
Car -1.0 -1.0 -2.744517 362.153000 184.244000 480.761000 228.558000 -1.000000 -1.000000 -1.000000 -1000.000000 -1000.000000 -1000.000000 -2.980908 0.49913892 
Car -1.0 -1.0 -2.839437 458.012000 175.180000 544.138000 207.802000 -1.000000 -1.000000 -1.000000 -1000.000000 -1000.000000 -1000.000000 -2.986323 0.49879377 
Car -1.0 -1.0 -2.024072 873.188000 124.114000 1238.969000 369.699000 -1.000000 -1.000000 -1.000000 -1000.000000 -1000.000000 -1000.000000 -1.464447 0.99552751 