Car -1.0 -1.0 -1.801198 681.923000 179.053000 786.074000 252.611000 -1.000000 -1.000000 -1.000000 -1000.000000 -1000.000000 -1000.000000 -1.635848 0.99999997 
Car -1.0 -1.0 -1.905566 721.587000 177.025000 922.796000 299.896000 -1.000000 -1.000000 -1.000000 -1000.000000 -1000.000000 -1000.000000 -1.638708 1.00000000 
Car -1.0 -1.0 -1.669549 652.736000 177.266000 702.699000 219.513000 -1.000000 -1.000000 -1.000000 -1000.000000 -1000.000000 -1000.000000 -1.574618 0.99999985 
Car -1.0 -1.0 2.016314 241.587000 186.234000 310.019000 217.385000 -1.000000 -1.000000 -1.000000 -1000.000000 -1000.000000 -1000.000000 1.587460 0.99999675 
Car -1.0 -1.0 2.361349 0.860000 193.493000 115.892000 248.795000 -1.000000 -1.000000 -1.000000 -1000.000000 -1000.000000 -1000.000000 1.707313 0.99997556 
Car -1.0 -1.0 -1.593195 622.638000 176.858000 652.781000 202.890000 -1.000000 -1.000000 -1.000000 -1000.000000 -1000.000000 -1000.000000 -1.552708 0.99970448 
Car -1.0 -1.0 1.973255 294.650000 184.589000 348.509000 210.828000 -1.000000 -1.000000 -1.000000 -1000.000000 -1000.000000 -1000.000000 1.596619 0.99975777 
Car -1.0 -1.0 1.900383 124.726000 176.534000 268.720000 234.944000 -1.000000 -1.000000 -1.000000 -1000.000000 -1000.000000 -1000.000000 1.387413 0.79395296 
Car -1.0 -1.0 3.067134 429.613000 178.282000 470.714000 193.547000 -1.000000 -1.000000 -1.000000 -1000.000000 -1000.000000 -1000.000000 2.849058 0.60660227 
Car -1.0 -1.0 -1.644602 642.232000 177.831000 681.409000 211.111000 -1.000000 -1.000000 -1.000000 -1000.000000 -1000.000000 -1000.000000 -1.571549 0.43604071 
Car -1.0 -1.0 1.093139 1112.439000 190.698000 1242.000000 370.432000 -1.000000 -1.000000 -1.000000 -1000.000000 -1000.000000 -1000.000000 1.741785 0.15243705 