Car -1.0 -1.0 -2.129693 811.776000 161.397000 1107.184000 331.082000 -1.000000 -1.000000 -1.000000 -1000.000000 -1000.000000 -1000.000000 -1.709353 0.99999961 
Car -1.0 -1.0 -1.365898 331.926000 182.253000 489.152000 288.221000 -1.000000 -1.000000 -1.000000 -1000.000000 -1000.000000 -1000.000000 -1.615909 0.99999961 
Car -1.0 -1.0 -1.788216 669.700000 178.117000 715.725000 208.303000 -1.000000 -1.000000 -1.000000 -1000.000000 -1000.000000 -1000.000000 -1.674596 0.99999765 
Car -1.0 -1.0 -1.107368 5.912000 193.174000 419.259000 374.869000 -1.000000 -1.000000 -1.000000 -1000.000000 -1000.000000 -1000.000000 -1.545367 0.99998048 
Car -1.0 -1.0 -1.456934 483.742000 171.400000 552.104000 222.787000 -1.000000 -1.000000 -1.000000 -1000.000000 -1000.000000 -1000.000000 -1.574915 0.99996975 
Car -1.0 -1.0 -1.444145 410.622000 159.976000 518.805000 248.058000 -1.000000 -1.000000 -1.000000 -1000.000000 -1000.000000 -1000.000000 -1.628534 0.98453835 
Car -1.0 -1.0 1.925240 281.006000 175.163000 340.523000 205.363000 -1.000000 -1.000000 -1.000000 -1000.000000 -1000.000000 -1000.000000 1.536325 0.99709789 
Car -1.0 -1.0 2.208541 0.000000 181.009000 181.530000 251.836000 -1.000000 -1.000000 -1.000000 -1000.000000 -1000.000000 -1000.000000 1.587547 0.99500336 
Car -1.0 -1.0 2.023984 235.578000 175.915000 306.126000 211.149000 -1.000000 -1.000000 -1.000000 -1000.000000 -1000.000000 -1000.000000 1.581897 0.98774543 
Car -1.0 -1.0 -1.533720 552.095000 171.488000 577.490000 191.513000 -1.000000 -1.000000 -1.000000 -1000.000000 -1000.000000 -1000.000000 -1.594380 0.98034401 
Car -1.0 -1.0 -0.687244 1140.031000 187.312000 1237.458000 220.362000 -1.000000 -1.000000 -1.000000 -1000.000000 -1000.000000 -1000.000000 -0.016933 0.98131302 
Car -1.0 -1.0 -1.653660 1166.468000 191.090000 1241.770000 264.525000 -1.000000 -1.000000 -1.000000 -1000.000000 -1000.000000 -1000.000000 -0.962637 0.48954231 
Car -1.0 -1.0 2.095870 165.716000 178.569000 257.639000 215.913000 -1.000000 -1.000000 -1.000000 -1000.000000 -1000.000000 -1000.000000 1.592291 0.48857749 