Car -1.0 -1.0 1.088417 819.294000 163.862000 952.470000 224.446000 -1.000000 -1.000000 -1.000000 -1000.000000 -1000.000000 -1000.000000 1.454649 0.99999973 
Car -1.0 -1.0 -1.741635 97.905000 180.666000 213.538000 250.938000 -1.000000 -1.000000 -1.000000 -1000.000000 -1000.000000 -1000.000000 -2.306575 0.99999788 
Car -1.0 -1.0 2.260457 722.130000 181.659000 804.297000 216.587000 -1.000000 -1.000000 -1.000000 -1000.000000 -1000.000000 -1000.000000 2.470789 0.99999490 
Car -1.0 -1.0 2.127436 489.675000 178.695000 590.899000 226.455000 -1.000000 -1.000000 -1.000000 -1000.000000 -1000.000000 -1000.000000 2.030557 0.99982619 
Car -1.0 -1.0 -2.402641 882.506000 164.550000 1041.137000 216.369000 -1.000000 -1.000000 -1.000000 -1000.000000 -1000.000000 -1000.000000 -1.965450 0.99986969 
Car -1.0 -1.0 2.281138 674.256000 183.721000 757.680000 215.667000 -1.000000 -1.000000 -1.000000 -1000.000000 -1000.000000 -1000.000000 2.426627 0.99779069 
Car -1.0 -1.0 1.527661 620.671000 179.330000 694.102000 229.312000 -1.000000 -1.000000 -1.000000 -1000.000000 -1000.000000 -1000.000000 1.597911 0.99855882 
Car -1.0 -1.0 0.768951 956.386000 163.366000 1104.322000 214.189000 -1.000000 -1.000000 -1.000000 -1000.000000 -1000.000000 -1000.000000 1.296036 0.97918554 
Car -1.0 -1.0 2.119371 444.608000 182.524000 555.871000 224.173000 -1.000000 -1.000000 -1.000000 -1000.000000 -1000.000000 -1000.000000 1.957687 0.99569727 
Car -1.0 -1.0 -0.739697 1039.190000 161.994000 1156.769000 203.991000 -1.000000 -1.000000 -1.000000 -1000.000000 -1000.000000 -1000.000000 -0.139501 0.49264987 
Car -1.0 -1.0 -2.245963 1110.971000 157.143000 1225.563000 196.901000 -1.000000 -1.000000 -1.000000 -1000.000000 -1000.000000 -1000.000000 -1.581036 0.48839723 
Car -1.0 -1.0 2.251921 403.304000 182.826000 501.778000 220.720000 -1.000000 -1.000000 -1.000000 -1000.000000 -1000.000000 -1000.000000 2.039205 0.48224957 
Car -1.0 -1.0 2.746746 778.253000 175.884000 860.880000 216.861000 -1.000000 -1.000000 -1.000000 -1000.000000 -1000.000000 -1000.000000 3.025197 0.47185515 
Car -1.0 -1.0 2.973484 247.303000 178.574000 344.087000 209.461000 -1.000000 -1.000000 -1.000000 -1000.000000 -1000.000000 -1000.000000 2.566311 0.60341746 
Car -1.0 -1.0 0.223034 1021.728000 161.926000 1148.642000 208.818000 -1.000000 -1.000000 -1.000000 -1000.000000 -1000.000000 -1000.000000 0.810265 0.44726546 
Car -1.0 -1.0 -2.425827 1140.820000 155.318000 1231.047000 193.204000 -1.000000 -1.000000 -1.000000 -1000.000000 -1000.000000 -1000.000000 -1.754876 0.40392432 
Car -1.0 -1.0 2.191377 362.603000 180.843000 457.949000 218.361000 -1.000000 -1.000000 -1.000000 -1000.000000 -1000.000000 -1000.000000 1.926943 0.35149063 
Car -1.0 -1.0 3.060835 258.036000 180.207000 354.648000 213.654000 -1.000000 -1.000000 -1.000000 -1000.000000 -1000.000000 -1000.000000 2.658909 0.15840648 
Car -1.0 -1.0 -2.520366 1089.267000 163.335000 1189.406000 201.395000 -1.000000 -1.000000 -1.000000 -1000.000000 -1000.000000 -1000.000000 -1.893210 0.20480427 
Car -1.0 -1.0 2.169743 595.911000 184.234000 663.484000 213.620000 -1.000000 -1.000000 -1.000000 -1000.000000 -1000.000000 -1000.000000 2.194500 0.18794844 