Car -1.0 -1.0 1.990135 321.234000 196.999000 376.014000 224.731000 -1.000000 -1.000000 -1.000000 -1000.000000 -1000.000000 -1000.000000 1.646665 0.99999627 
Car -1.0 -1.0 2.214373 32.417000 196.166000 201.832000 275.300000 -1.000000 -1.000000 -1.000000 -1000.000000 -1000.000000 -1000.000000 1.623805 0.99999884 
Car -1.0 -1.0 -1.281738 475.884000 189.566000 552.418000 247.736000 -1.000000 -1.000000 -1.000000 -1000.000000 -1000.000000 -1000.000000 -1.409265 0.99999663 
Car -1.0 -1.0 -1.649144 690.218000 190.683000 745.299000 231.127000 -1.000000 -1.000000 -1.000000 -1000.000000 -1000.000000 -1000.000000 -1.494485 0.99980269 
Car -1.0 -1.0 1.999109 361.678000 194.404000 408.812000 219.090000 -1.000000 -1.000000 -1.000000 -1000.000000 -1000.000000 -1000.000000 1.698017 0.99970701 
Car -1.0 -1.0 -1.404955 506.800000 184.454000 563.939000 232.304000 -1.000000 -1.000000 -1.000000 -1000.000000 -1000.000000 -1000.000000 -1.503936 0.99514547 
Car -1.0 -1.0 1.932756 394.302000 194.632000 431.756000 214.658000 -1.000000 -1.000000 -1.000000 -1000.000000 -1000.000000 -1000.000000 1.667584 0.97153102 
Car -1.0 -1.0 1.835093 413.707000 192.042000 448.343000 211.729000 -1.000000 -1.000000 -1.000000 -1000.000000 -1000.000000 -1000.000000 1.593547 0.94217804 
Car -1.0 -1.0 1.843692 434.618000 191.893000 466.240000 210.031000 -1.000000 -1.000000 -1.000000 -1000.000000 -1000.000000 -1000.000000 1.628734 0.83102535 
Car -1.0 -1.0 -1.676390 672.073000 190.293000 719.267000 220.959000 -1.000000 -1.000000 -1.000000 -1000.000000 -1000.000000 -1000.000000 -1.560338 0.49395238 
Car -1.0 -1.0 -1.375510 525.706000 182.640000 576.577000 223.958000 -1.000000 -1.000000 -1.000000 -1000.000000 -1000.000000 -1000.000000 -1.452144 0.60099843 
Car -1.0 -1.0 -1.641204 656.630000 185.895000 684.603000 206.968000 -1.000000 -1.000000 -1.000000 -1000.000000 -1000.000000 -1000.000000 -1.556634 0.40384023 
Car -1.0 -1.0 -1.674399 675.146000 191.331000 709.185000 218.304000 -1.000000 -1.000000 -1.000000 -1000.000000 -1000.000000 -1000.000000 -1.558725 0.15618937 