Car -1.0 -1.0 1.964161 303.923000 187.225000 363.344000 216.141000 -1.000000 -1.000000 -1.000000 -1000.000000 -1000.000000 -1000.000000 1.601144 0.99999943 
Car -1.0 -1.0 -1.312699 458.174000 182.217000 548.530000 249.397000 -1.000000 -1.000000 -1.000000 -1000.000000 -1000.000000 -1000.000000 -1.454255 0.99999970 
Car -1.0 -1.0 1.969900 348.086000 183.872000 398.795000 210.575000 -1.000000 -1.000000 -1.000000 -1000.000000 -1000.000000 -1000.000000 1.655481 0.99999291 
Car -1.0 -1.0 -1.656512 701.248000 187.815000 759.322000 233.423000 -1.000000 -1.000000 -1.000000 -1000.000000 -1000.000000 -1000.000000 -1.490170 0.99999020 
Car -1.0 -1.0 2.322161 2.575000 183.916000 110.972000 275.790000 -1.000000 -1.000000 -1.000000 -1000.000000 -1000.000000 -1000.000000 1.672915 0.99952558 
Car -1.0 -1.0 -1.402514 492.962000 176.836000 560.812000 231.493000 -1.000000 -1.000000 -1.000000 -1000.000000 -1000.000000 -1000.000000 -1.508664 0.99822550 
Car -1.0 -1.0 -1.424838 523.485000 175.529000 576.648000 218.767000 -1.000000 -1.000000 -1.000000 -1000.000000 -1000.000000 -1000.000000 -1.505957 0.99133852 
Car -1.0 -1.0 1.810617 406.140000 183.241000 441.685000 203.671000 -1.000000 -1.000000 -1.000000 -1000.000000 -1000.000000 -1000.000000 1.559842 0.98236918 
Car -1.0 -1.0 1.833341 427.982000 183.266000 460.762000 202.077000 -1.000000 -1.000000 -1.000000 -1000.000000 -1000.000000 -1000.000000 1.609912 0.99385475 
Car -1.0 -1.0 1.890483 382.414000 184.797000 422.960000 206.070000 -1.000000 -1.000000 -1.000000 -1000.000000 -1000.000000 -1000.000000 1.614190 0.97660825 
Car -1.0 -1.0 -1.623627 659.259000 181.766000 686.707000 202.320000 -1.000000 -1.000000 -1.000000 -1000.000000 -1000.000000 -1000.000000 -1.535819 0.35810299 