Car -1.0 -1.0 -1.524365 486.317000 180.363000 533.730000 223.164000 -1.000000 -1.000000 -1.000000 -1000.000000 -1000.000000 -1000.000000 -1.659030 0.99999943 
Car -1.0 -1.0 -1.286847 328.904000 191.126000 450.779000 268.888000 -1.000000 -1.000000 -1.000000 -1000.000000 -1000.000000 -1000.000000 -1.570625 0.99999961 
Car -1.0 -1.0 1.897329 239.703000 199.402000 290.226000 225.934000 -1.000000 -1.000000 -1.000000 -1000.000000 -1000.000000 -1000.000000 1.452319 0.99999887 
Car -1.0 -1.0 1.975226 156.934000 193.971000 253.077000 245.427000 -1.000000 -1.000000 -1.000000 -1000.000000 -1000.000000 -1000.000000 1.467640 0.99999741 
Car -1.0 -1.0 2.074571 31.450000 202.087000 163.318000 269.571000 -1.000000 -1.000000 -1.000000 -1000.000000 -1000.000000 -1000.000000 1.461398 0.99999654 
Car -1.0 -1.0 2.179789 772.481000 178.051000 898.687000 232.728000 -1.000000 -1.000000 -1.000000 -1000.000000 -1000.000000 -1000.000000 2.490110 0.99997991 
Car -1.0 -1.0 2.154872 818.776000 177.024000 977.469000 241.650000 -1.000000 -1.000000 -1.000000 -1000.000000 -1000.000000 -1000.000000 2.533710 0.99997529 
Car -1.0 -1.0 2.064100 892.405000 176.581000 1062.470000 252.228000 -1.000000 -1.000000 -1.000000 -1000.000000 -1000.000000 -1000.000000 2.532041 0.99998605 
Car -1.0 -1.0 -1.634219 593.568000 176.990000 621.552000 199.396000 -1.000000 -1.000000 -1.000000 -1000.000000 -1000.000000 -1000.000000 -1.634334 0.99283707 
Car -1.0 -1.0 2.063532 983.447000 181.079000 1192.036000 269.057000 -1.000000 -1.000000 -1.000000 -1000.000000 -1000.000000 -1000.000000 2.637209 0.99942820 
Car -1.0 -1.0 2.979931 674.490000 175.687000 776.942000 211.564000 -1.000000 -1.000000 -1.000000 -1000.000000 -1000.000000 -1000.000000 -3.134603 0.49920174 
Car -1.0 -1.0 2.250936 739.803000 178.043000 852.110000 223.623000 -1.000000 -1.000000 -1.000000 -1000.000000 -1000.000000 -1000.000000 2.509932 0.49917872 
Car -1.0 -1.0 1.088735 1106.513000 181.718000 1238.899000 296.935000 -1.000000 -1.000000 -1.000000 -1000.000000 -1000.000000 -1000.000000 1.755782 0.48860081 