Car -1.0 -1.0 2.101686 706.131000 178.183000 842.253000 238.334000 -1.000000 -1.000000 -1.000000 -1000.000000 -1000.000000 -1000.000000 2.324253 0.99999964 
Car -1.0 -1.0 -1.258739 46.589000 189.877000 252.717000 302.219000 -1.000000 -1.000000 -1.000000 -1000.000000 -1000.000000 -1000.000000 -1.802082 0.99999908 
Car -1.0 -1.0 2.150553 655.541000 179.143000 779.578000 229.878000 -1.000000 -1.000000 -1.000000 -1000.000000 -1000.000000 -1000.000000 2.290473 0.99999845 
Car -1.0 -1.0 2.249425 1005.027000 179.644000 1137.233000 226.249000 -1.000000 -1.000000 -1.000000 -1000.000000 -1000.000000 -1000.000000 2.819322 0.99998564 
Car -1.0 -1.0 1.425834 894.773000 173.072000 1017.856000 253.240000 -1.000000 -1.000000 -1.000000 -1000.000000 -1000.000000 -1000.000000 1.872516 0.99998388 
Car -1.0 -1.0 -1.577730 292.761000 178.824000 360.721000 234.617000 -1.000000 -1.000000 -1.000000 -1000.000000 -1000.000000 -1000.000000 -1.951951 0.99998480 
Car -1.0 -1.0 2.235868 1088.274000 176.876000 1222.621000 227.557000 -1.000000 -1.000000 -1.000000 -1000.000000 -1000.000000 -1000.000000 2.880884 0.99991539 
Car -1.0 -1.0 2.368217 840.655000 183.849000 942.786000 218.082000 -1.000000 -1.000000 -1.000000 -1000.000000 -1000.000000 -1000.000000 2.744343 0.99960491 
Car -1.0 -1.0 -1.658128 384.607000 178.617000 411.814000 199.101000 -1.000000 -1.000000 -1.000000 -1000.000000 -1000.000000 -1000.000000 -1.940754 0.99396090 
Car -1.0 -1.0 1.588192 1171.751000 172.642000 1241.943000 229.434000 -1.000000 -1.000000 -1.000000 -1000.000000 -1000.000000 -1000.000000 2.276988 0.91296728 
Car -1.0 -1.0 2.205599 617.239000 178.493000 732.219000 223.021000 -1.000000 -1.000000 -1.000000 -1000.000000 -1000.000000 -1000.000000 2.280785 0.98003490 
Car -1.0 -1.0 2.248335 561.006000 179.175000 662.865000 221.078000 -1.000000 -1.000000 -1.000000 -1000.000000 -1000.000000 -1000.000000 2.262754 0.91602263 
Car -1.0 -1.0 0.521842 973.651000 182.628000 1087.763000 227.486000 -1.000000 -1.000000 -1.000000 -1000.000000 -1000.000000 -1000.000000 1.045674 0.45860392 
Car -1.0 -1.0 2.202031 533.237000 179.729000 621.880000 217.080000 -1.000000 -1.000000 -1.000000 -1000.000000 -1000.000000 -1000.000000 2.167239 0.88933119 
Car -1.0 -1.0 2.305699 813.962000 182.465000 904.033000 215.461000 -1.000000 -1.000000 -1.000000 -1000.000000 -1000.000000 -1000.000000 2.635431 0.21744475 