Car -1.0 -1.0 -1.789184 671.058000 169.440000 760.085000 233.476000 -1.000000 -1.000000 -1.000000 -1000.000000 -1000.000000 -1000.000000 -1.647237 0.99999997 
Car -1.0 -1.0 -1.874070 725.983000 170.745000 891.533000 284.786000 -1.000000 -1.000000 -1.000000 -1000.000000 -1000.000000 -1000.000000 -1.618397 0.99999988 
Car -1.0 -1.0 2.207631 4.131000 199.827000 160.446000 262.761000 -1.000000 -1.000000 -1.000000 -1000.000000 -1000.000000 -1000.000000 1.583718 0.99999917 
Car -1.0 -1.0 2.092587 168.334000 194.289000 254.690000 229.906000 -1.000000 -1.000000 -1.000000 -1000.000000 -1000.000000 -1000.000000 1.591480 0.99999684 
Car -1.0 -1.0 -1.976500 839.106000 175.535000 1223.546000 374.152000 -1.000000 -1.000000 -1.000000 -1000.000000 -1000.000000 -1000.000000 -1.478707 0.99999839 
Car -1.0 -1.0 2.021978 248.414000 189.278000 307.685000 217.536000 -1.000000 -1.000000 -1.000000 -1000.000000 -1000.000000 -1000.000000 1.591998 0.99999851 
Car -1.0 -1.0 -1.724425 641.406000 173.028000 692.552000 210.644000 -1.000000 -1.000000 -1.000000 -1000.000000 -1000.000000 -1000.000000 -1.645367 0.99998128 
Car -1.0 -1.0 1.939777 343.477000 184.326000 385.636000 204.719000 -1.000000 -1.000000 -1.000000 -1000.000000 -1000.000000 -1000.000000 1.615180 0.99237573 
Car -1.0 -1.0 -1.714187 629.312000 173.608000 670.471000 205.628000 -1.000000 -1.000000 -1.000000 -1000.000000 -1000.000000 -1000.000000 -1.657333 0.49937360 
Car -1.0 -1.0 1.940319 300.365000 185.270000 351.873000 210.931000 -1.000000 -1.000000 -1.000000 -1000.000000 -1000.000000 -1000.000000 1.567196 0.73770195 
Car -1.0 -1.0 1.692715 397.667000 175.568000 428.362000 201.331000 -1.000000 -1.000000 -1.000000 -1000.000000 -1000.000000 -1000.000000 1.427590 0.23965266 