Car -1.0 -1.0 -1.941164 854.049000 171.797000 1040.537000 278.421000 -1.000000 -1.000000 -1.000000 -1000.000000 -1000.000000 -1000.000000 -1.515353 0.99999994 
Car -1.0 -1.0 -2.452423 491.993000 180.316000 569.267000 213.147000 -1.000000 -1.000000 -1.000000 -1000.000000 -1000.000000 -1000.000000 -2.559556 0.99999872 
Car -1.0 -1.0 1.814899 434.711000 184.297000 478.452000 208.790000 -1.000000 -1.000000 -1.000000 -1000.000000 -1000.000000 -1000.000000 1.607576 0.99999934 
Car -1.0 -1.0 -3.136835 297.414000 189.617000 407.448000 225.130000 -1.000000 -1.000000 -1.000000 -1000.000000 -1000.000000 -1000.000000 2.803497 0.99999803 
Car -1.0 -1.0 -1.702913 632.741000 172.603000 671.592000 198.581000 -1.000000 -1.000000 -1.000000 -1000.000000 -1000.000000 -1000.000000 -1.643558 0.99993154 
Car -1.0 -1.0 2.717716 136.294000 189.950000 268.393000 235.710000 -1.000000 -1.000000 -1.000000 -1000.000000 -1000.000000 -1000.000000 2.204864 0.99810480 
Car -1.0 -1.0 -3.062301 202.931000 188.852000 310.791000 225.293000 -1.000000 -1.000000 -1.000000 -1000.000000 -1000.000000 -1000.000000 2.771907 0.99330503 
Car -1.0 -1.0 2.929956 3.575000 186.401000 140.406000 258.491000 -1.000000 -1.000000 -1.000000 -1000.000000 -1000.000000 -1000.000000 2.277966 0.98766495 
Car -1.0 -1.0 2.945845 75.225000 193.380000 200.308000 239.559000 -1.000000 -1.000000 -1.000000 -1000.000000 -1000.000000 -1000.000000 2.357128 0.91695897 
Car -1.0 -1.0 2.767488 924.391000 156.889000 1025.146000 194.046000 -1.000000 -1.000000 -1.000000 -1000.000000 -1000.000000 -1000.000000 -3.041817 0.44111195 
Car -1.0 -1.0 0.955275 1022.430000 234.999000 1240.968000 372.711000 -1.000000 -1.000000 -1.000000 -1000.000000 -1000.000000 -1000.000000 1.575768 0.43408754 