Car -1.0 -1.0 -1.783234 666.856000 169.959000 746.878000 228.539000 -1.000000 -1.000000 -1.000000 -1000.000000 -1000.000000 -1000.000000 -1.651893 0.99999994 
Car -1.0 -1.0 -1.846676 711.895000 173.187000 856.446000 276.072000 -1.000000 -1.000000 -1.000000 -1000.000000 -1000.000000 -1000.000000 -1.615686 0.99999928 
Car -1.0 -1.0 -1.980141 802.068000 173.655000 1152.101000 375.000000 -1.000000 -1.000000 -1.000000 -1000.000000 -1000.000000 -1000.000000 -1.551725 0.99999961 
Car -1.0 -1.0 2.026095 260.129000 189.867000 315.614000 216.870000 -1.000000 -1.000000 -1.000000 -1000.000000 -1000.000000 -1000.000000 1.607291 0.99999908 
Car -1.0 -1.0 2.127506 53.530000 198.309000 194.741000 257.953000 -1.000000 -1.000000 -1.000000 -1000.000000 -1000.000000 -1000.000000 1.544214 0.99999741 
Car -1.0 -1.0 2.094918 183.091000 193.568000 268.072000 228.725000 -1.000000 -1.000000 -1.000000 -1000.000000 -1000.000000 -1000.000000 1.608860 0.99999452 
Car -1.0 -1.0 -1.720914 639.402000 173.156000 689.248000 209.394000 -1.000000 -1.000000 -1.000000 -1000.000000 -1000.000000 -1000.000000 -1.646779 0.99998796 
Car -1.0 -1.0 1.946686 308.565000 186.388000 355.541000 210.587000 -1.000000 -1.000000 -1.000000 -1000.000000 -1000.000000 -1000.000000 1.581526 0.99978015 
Car -1.0 -1.0 2.598808 0.622000 199.834000 89.121000 260.844000 -1.000000 -1.000000 -1.000000 -1000.000000 -1000.000000 -1000.000000 1.931964 0.99981534 
Car -1.0 -1.0 1.930622 348.631000 184.831000 389.603000 204.939000 -1.000000 -1.000000 -1.000000 -1000.000000 -1000.000000 -1000.000000 1.611247 0.99145113 
Car -1.0 -1.0 -1.694525 627.476000 174.018000 667.519000 204.632000 -1.000000 -1.000000 -1.000000 -1000.000000 -1000.000000 -1000.000000 -1.640873 0.49570444 
Car -1.0 -1.0 1.658815 404.018000 176.208000 434.044000 201.144000 -1.000000 -1.000000 -1.000000 -1000.000000 -1000.000000 -1000.000000 1.401670 0.98400424 