Car -1.0 -1.0 1.969468 321.232000 178.201000 378.764000 207.044000 -1.000000 -1.000000 -1.000000 -1000.000000 -1000.000000 -1000.000000 1.627601 0.99999887 
Car -1.0 -1.0 1.994593 269.798000 181.719000 337.999000 213.355000 -1.000000 -1.000000 -1.000000 -1000.000000 -1000.000000 -1000.000000 1.596005 0.99999964 
Car -1.0 -1.0 -1.726527 712.705000 181.819000 780.364000 232.598000 -1.000000 -1.000000 -1.000000 -1000.000000 -1000.000000 -1000.000000 -1.540490 0.99999559 
Car -1.0 -1.0 -1.322744 423.350000 176.234000 534.083000 257.892000 -1.000000 -1.000000 -1.000000 -1000.000000 -1000.000000 -1000.000000 -1.495575 0.99999464 
Car -1.0 -1.0 -1.444817 474.696000 167.415000 551.301000 230.590000 -1.000000 -1.000000 -1.000000 -1000.000000 -1000.000000 -1000.000000 -1.568461 0.99993512 
Car -1.0 -1.0 -1.440961 509.998000 166.952000 572.777000 216.531000 -1.000000 -1.000000 -1.000000 -1000.000000 -1000.000000 -1000.000000 -1.532882 0.99962360 
Car -1.0 -1.0 1.855491 361.779000 178.403000 408.340000 202.033000 -1.000000 -1.000000 -1.000000 -1000.000000 -1000.000000 -1000.000000 1.555974 0.99961552 
Car -1.0 -1.0 -1.658354 659.091000 173.609000 688.859000 196.016000 -1.000000 -1.000000 -1.000000 -1000.000000 -1000.000000 -1000.000000 -1.568991 0.93619059 
Car -1.0 -1.0 1.778423 390.554000 177.632000 428.089000 198.544000 -1.000000 -1.000000 -1.000000 -1000.000000 -1000.000000 -1000.000000 1.509099 0.97609954 
Car -1.0 -1.0 -1.690470 674.328000 179.955000 715.769000 206.940000 -1.000000 -1.000000 -1.000000 -1000.000000 -1000.000000 -1000.000000 -1.574989 0.64896843 
Car -1.0 -1.0 -1.691919 697.055000 181.594000 751.216000 221.750000 -1.000000 -1.000000 -1.000000 -1000.000000 -1000.000000 -1000.000000 -1.533572 0.49091998 
Car -1.0 -1.0 1.794788 414.137000 175.829000 449.748000 196.643000 -1.000000 -1.000000 -1.000000 -1000.000000 -1000.000000 -1000.000000 1.555142 0.86267680 
Car -1.0 -1.0 -1.479128 549.471000 174.609000 586.472000 203.537000 -1.000000 -1.000000 -1.000000 -1000.000000 -1000.000000 -1000.000000 -1.535618 0.25739396 
Car -1.0 -1.0 -1.596535 564.442000 173.359000 591.831000 196.299000 -1.000000 -1.000000 -1.000000 -1000.000000 -1000.000000 -1000.000000 -1.636158 0.25391832 