Car -1.0 -1.0 -1.895208 710.643000 174.003000 879.218000 280.193000 -1.000000 -1.000000 -1.000000 -1000.000000 -1000.000000 -1000.000000 -1.658631 0.99999997 
Car -1.0 -1.0 -1.679369 648.999000 174.273000 696.700000 214.147000 -1.000000 -1.000000 -1.000000 -1000.000000 -1000.000000 -1000.000000 -1.590849 0.99999958 
Car -1.0 -1.0 -1.803509 675.692000 174.099000 770.834000 242.993000 -1.000000 -1.000000 -1.000000 -1000.000000 -1000.000000 -1000.000000 -1.651701 0.99999970 
Car -1.0 -1.0 -1.618202 620.618000 173.037000 650.016000 198.400000 -1.000000 -1.000000 -1.000000 -1000.000000 -1000.000000 -1000.000000 -1.580441 0.99977924 
Car -1.0 -1.0 2.438386 966.262000 181.726000 1238.033000 374.904000 -1.000000 -1.000000 -1.000000 -1000.000000 -1000.000000 -1000.000000 3.041934 0.99779944 
Car -1.0 -1.0 2.258250 9.117000 190.763000 141.861000 241.876000 -1.000000 -1.000000 -1.000000 -1000.000000 -1000.000000 -1000.000000 1.623881 0.99825786 
Car -1.0 -1.0 1.957196 302.737000 180.677000 355.326000 206.288000 -1.000000 -1.000000 -1.000000 -1000.000000 -1000.000000 -1000.000000 1.588320 0.99857514 
Car -1.0 -1.0 1.814440 195.832000 170.663000 296.156000 228.670000 -1.000000 -1.000000 -1.000000 -1000.000000 -1000.000000 -1000.000000 1.342231 0.98136391 
Car -1.0 -1.0 2.165763 144.065000 183.298000 261.233000 228.068000 -1.000000 -1.000000 -1.000000 -1000.000000 -1000.000000 -1000.000000 1.647554 0.95755403 
Car -1.0 -1.0 2.015488 244.996000 180.154000 316.408000 217.430000 -1.000000 -1.000000 -1.000000 -1000.000000 -1000.000000 -1000.000000 1.594321 0.92271371 
Car -1.0 -1.0 -1.630658 639.189000 173.913000 676.120000 206.668000 -1.000000 -1.000000 -1.000000 -1000.000000 -1000.000000 -1000.000000 -1.561996 0.43847217 