Car -1.0 -1.0 -1.832629 765.111000 172.643000 894.909000 258.076000 -1.000000 -1.000000 -1.000000 -1000.000000 -1000.000000 -1000.000000 -1.544955 0.99999410 
Car -1.0 -1.0 -1.876895 807.231000 175.694000 993.303000 304.342000 -1.000000 -1.000000 -1.000000 -1000.000000 -1000.000000 -1000.000000 -1.514365 0.99999541 
Car -1.0 -1.0 -2.460951 560.489000 174.652000 616.150000 197.142000 -1.000000 -1.000000 -1.000000 -1000.000000 -1000.000000 -1000.000000 -2.488364 0.99992898 
Car -1.0 -1.0 2.941420 390.981000 181.023000 459.638000 205.314000 -1.000000 -1.000000 -1.000000 -1000.000000 -1000.000000 -1000.000000 2.691417 0.99994460 
Car -1.0 -1.0 1.779513 465.115000 179.736000 500.257000 196.900000 -1.000000 -1.000000 -1.000000 -1000.000000 -1000.000000 -1000.000000 1.605065 0.79904994 
Car -1.0 -1.0 2.525105 235.461000 181.997000 333.498000 214.738000 -1.000000 -1.000000 -1.000000 -1000.000000 -1000.000000 -1000.000000 2.086007 0.49881001 
Car -1.0 -1.0 2.455019 109.816000 190.868000 211.850000 224.702000 -1.000000 -1.000000 -1.000000 -1000.000000 -1000.000000 -1000.000000 1.903427 0.96178581 
Car -1.0 -1.0 2.386889 224.097000 180.163000 319.955000 216.468000 -1.000000 -1.000000 -1.000000 -1000.000000 -1000.000000 -1000.000000 1.945256 0.48863451 
Car -1.0 -1.0 2.259723 305.196000 184.801000 376.906000 210.203000 -1.000000 -1.000000 -1.000000 -1000.000000 -1000.000000 -1000.000000 1.901204 0.45828970 
Car -1.0 -1.0 2.303253 293.962000 184.636000 383.492000 213.232000 -1.000000 -1.000000 -1.000000 -1000.000000 -1000.000000 -1000.000000 1.944529 0.40648158 
Car -1.0 -1.0 2.509058 43.288000 192.281000 144.466000 223.782000 -1.000000 -1.000000 -1.000000 -1000.000000 -1000.000000 -1000.000000 1.887553 0.48477476 
Car -1.0 -1.0 2.783003 850.702000 162.811000 923.204000 187.395000 -1.000000 -1.000000 -1.000000 -1000.000000 -1000.000000 -1000.000000 -3.140066 0.18786144 
Car -1.0 -1.0 -1.707017 698.100000 177.043000 741.257000 214.305000 -1.000000 -1.000000 -1.000000 -1000.000000 -1000.000000 -1000.000000 -1.554043 0.16691418 