Car -1.0 -1.0 -1.965601 765.555000 171.269000 1005.992000 330.407000 -1.000000 -1.000000 -1.000000 -1000.000000 -1000.000000 -1000.000000 -1.620635 0.99999946 
Car -1.0 -1.0 -1.546392 605.914000 173.317000 641.926000 208.767000 -1.000000 -1.000000 -1.000000 -1000.000000 -1000.000000 -1000.000000 -1.525877 0.99999797 
Car -1.0 -1.0 -1.739540 704.400000 178.202000 824.413000 266.301000 -1.000000 -1.000000 -1.000000 -1000.000000 -1000.000000 -1000.000000 -1.537885 0.99999622 
Car -1.0 -1.0 -2.745048 367.526000 189.186000 477.470000 230.095000 -1.000000 -1.000000 -1.000000 -1000.000000 -1000.000000 -1000.000000 -2.993341 0.99998087 
Car -1.0 -1.0 -1.671305 672.617000 169.874000 720.668000 213.643000 -1.000000 -1.000000 -1.000000 -1000.000000 -1000.000000 -1000.000000 -1.550872 0.99994814 
Car -1.0 -1.0 -2.772478 434.341000 182.737000 520.464000 216.582000 -1.000000 -1.000000 -1.000000 -1000.000000 -1000.000000 -1000.000000 -2.953176 0.99996531 
Car -1.0 -1.0 -1.627974 661.024000 173.687000 697.999000 205.324000 -1.000000 -1.000000 -1.000000 -1000.000000 -1000.000000 -1000.000000 -1.529337 0.99195372 
Car -1.0 -1.0 -2.850054 487.961000 180.836000 544.992000 205.605000 -1.000000 -1.000000 -1.000000 -1000.000000 -1000.000000 -1000.000000 -2.972388 0.45176421 
Car -1.0 -1.0 -2.694411 514.571000 178.572000 560.257000 200.959000 -1.000000 -1.000000 -1.000000 -1000.000000 -1000.000000 -1000.000000 -2.792548 0.21919726 
Car -1.0 -1.0 2.483821 523.126000 178.187000 566.422000 199.741000 -1.000000 -1.000000 -1.000000 -1000.000000 -1000.000000 -1000.000000 2.398062 0.20904611 
Car -1.0 -1.0 -2.943483 468.196000 183.484000 537.663000 211.547000 -1.000000 -1.000000 -1.000000 -1000.000000 -1000.000000 -1000.000000 -3.087481 0.39946805 