Car -1.0 -1.0 -1.756087 724.318000 177.440000 785.322000 218.337000 -1.000000 -1.000000 -1.000000 -1000.000000 -1000.000000 -1000.000000 -1.559898 1.00000000 
Car -1.0 -1.0 1.899783 367.560000 185.478000 443.763000 227.030000 -1.000000 -1.000000 -1.000000 -1000.000000 -1000.000000 -1000.000000 1.626907 1.00000000 
Car -1.0 -1.0 -0.832550 1083.593000 142.056000 1160.384000 171.711000 -1.000000 -1.000000 -1.000000 -1000.000000 -1000.000000 -1000.000000 -0.213014 0.99523008 
Car -1.0 -1.0 1.820019 436.380000 183.215000 474.427000 204.752000 -1.000000 -1.000000 -1.000000 -1000.000000 -1000.000000 -1000.000000 1.610832 0.99241872 
Car -1.0 -1.0 -1.577055 614.211000 175.135000 635.313000 193.085000 -1.000000 -1.000000 -1.000000 -1000.000000 -1000.000000 -1000.000000 -1.554594 0.99518794 
Car -1.0 -1.0 1.754516 501.437000 178.873000 536.910000 199.944000 -1.000000 -1.000000 -1.000000 -1000.000000 -1000.000000 -1000.000000 1.627944 0.99398969 
Car -1.0 -1.0 1.785231 471.057000 179.160000 501.218000 198.830000 -1.000000 -1.000000 -1.000000 -1000.000000 -1000.000000 -1000.000000 1.617563 0.97090171 
Car -1.0 -1.0 2.772433 1004.402000 146.600000 1093.903000 177.139000 -1.000000 -1.000000 -1.000000 -1000.000000 -1000.000000 -1000.000000 -2.960022 0.94366701 
Car -1.0 -1.0 -1.384172 1189.641000 140.706000 1240.201000 166.629000 -1.000000 -1.000000 -1.000000 -1000.000000 -1000.000000 -1000.000000 -0.684771 0.43052646 
Car -1.0 -1.0 1.901869 570.443000 173.172000 595.461000 189.684000 -1.000000 -1.000000 -1.000000 -1000.000000 -1000.000000 -1000.000000 1.861703 0.34477272 
Car -1.0 -1.0 -2.271335 1145.859000 143.568000 1199.754000 163.938000 -1.000000 -1.000000 -1.000000 -1000.000000 -1000.000000 -1000.000000 -1.605811 0.22064109 