Car -1.0 -1.0 -2.929938 333.776000 177.188000 498.319000 237.750000 -1.000000 -1.000000 -1.000000 -1000.000000 -1000.000000 -1000.000000 3.086954 0.99999905 
Car -1.0 -1.0 -1.760968 632.670000 173.241000 678.434000 205.212000 -1.000000 -1.000000 -1.000000 -1000.000000 -1000.000000 -1000.000000 -1.699816 0.99999711 
Car -1.0 -1.0 -1.790544 672.864000 175.853000 737.687000 217.734000 -1.000000 -1.000000 -1.000000 -1000.000000 -1000.000000 -1000.000000 -1.661917 0.99998769 
Car -1.0 -1.0 1.056444 8.780000 177.063000 360.647000 367.854000 -1.000000 -1.000000 -1.000000 -1000.000000 -1000.000000 -1000.000000 0.533071 0.99998373 
Car -1.0 -1.0 -2.903963 156.879000 175.996000 427.799000 296.003000 -1.000000 -1.000000 -1.000000 -1000.000000 -1000.000000 -1000.000000 3.001414 0.99994442 
Car -1.0 -1.0 -2.055545 806.624000 184.398000 1120.980000 374.047000 -1.000000 -1.000000 -1.000000 -1000.000000 -1000.000000 -1000.000000 -1.631933 0.99988437 
Car -1.0 -1.0 -1.672108 619.505000 171.497000 658.685000 199.431000 -1.000000 -1.000000 -1.000000 -1000.000000 -1000.000000 -1000.000000 -1.632811 0.99498621 
Car -1.0 -1.0 2.905516 394.612000 176.272000 520.345000 222.585000 -1.000000 -1.000000 -1.000000 -1000.000000 -1000.000000 -1000.000000 2.694003 0.99387638 
Car -1.0 -1.0 -2.924094 231.079000 180.893000 459.956000 267.985000 -1.000000 -1.000000 -1.000000 -1000.000000 -1000.000000 -1000.000000 3.001496 0.24797209 
Car -1.0 -1.0 -2.530948 455.837000 167.757000 532.540000 202.687000 -1.000000 -1.000000 -1.000000 -1000.000000 -1000.000000 -1000.000000 -2.698350 0.49399948 
Car -1.0 -1.0 -1.881613 701.161000 149.526000 855.018000 267.421000 -1.000000 -1.000000 -1.000000 -1000.000000 -1000.000000 -1000.000000 -1.663223 0.23961484 