Car -1.0 -1.0 -1.751999 700.035000 176.810000 804.302000 254.608000 -1.000000 -1.000000 -1.000000 -1000.000000 -1000.000000 -1000.000000 -1.562760 0.99999964 
Car -1.0 -1.0 -1.693358 666.137000 178.074000 721.821000 222.519000 -1.000000 -1.000000 -1.000000 -1000.000000 -1000.000000 -1000.000000 -1.578173 0.99999958 
Car -1.0 -1.0 3.120431 7.661000 178.455000 347.975000 365.150000 -1.000000 -1.000000 -1.000000 -1000.000000 -1000.000000 -1000.000000 2.631658 0.99996078 
Car -1.0 -1.0 2.363416 883.491000 194.402000 1232.082000 375.000000 -1.000000 -1.000000 -1.000000 -1000.000000 -1000.000000 -1000.000000 2.937401 0.99999198 
Car -1.0 -1.0 -2.864580 420.726000 175.109000 540.031000 219.699000 -1.000000 -1.000000 -1.000000 -1000.000000 -1000.000000 -1000.000000 -3.026903 0.99995250 
Car -1.0 -1.0 -3.068683 77.469000 163.644000 401.697000 294.469000 -1.000000 -1.000000 -1.000000 -1000.000000 -1000.000000 -1000.000000 2.745600 0.99955122 
Car -1.0 -1.0 -1.692122 652.930000 177.849000 699.613000 214.586000 -1.000000 -1.000000 -1.000000 -1000.000000 -1000.000000 -1000.000000 -1.599435 0.99162865 
Car -1.0 -1.0 2.855426 478.341000 167.236000 565.991000 205.069000 -1.000000 -1.000000 -1.000000 -1000.000000 -1000.000000 -1000.000000 2.736800 0.49900620 
Car -1.0 -1.0 2.984168 494.880000 168.739000 572.101000 202.232000 -1.000000 -1.000000 -1.000000 -1000.000000 -1000.000000 -1000.000000 2.876543 0.49813037 
Car -1.0 -1.0 2.980691 296.234000 158.888000 495.540000 243.542000 -1.000000 -1.000000 -1.000000 -1000.000000 -1000.000000 -1000.000000 2.698132 0.48932424 
Car -1.0 -1.0 -1.578509 644.686000 175.774000 674.249000 201.672000 -1.000000 -1.000000 -1.000000 -1000.000000 -1000.000000 -1000.000000 -1.507885 0.48866941 
Car -1.0 -1.0 -2.685061 464.514000 173.075000 552.559000 209.455000 -1.000000 -1.000000 -1.000000 -1000.000000 -1000.000000 -1000.000000 -2.833034 0.47427782 