Car -1.0 -1.0 -1.964726 819.807000 195.215000 1064.136000 327.358000 -1.000000 -1.000000 -1.000000 -1000.000000 -1000.000000 -1000.000000 -1.563580 0.99999994 
Car -1.0 -1.0 0.621305 1004.473000 200.193000 1242.000000 370.814000 -1.000000 -1.000000 -1.000000 -1000.000000 -1000.000000 -1000.000000 1.232604 0.99999651 
Car -1.0 -1.0 -1.413910 250.041000 184.578000 473.439000 329.877000 -1.000000 -1.000000 -1.000000 -1000.000000 -1000.000000 -1000.000000 -1.715678 0.99999928 
Car -1.0 -1.0 1.872379 293.530000 171.698000 355.409000 201.786000 -1.000000 -1.000000 -1.000000 -1000.000000 -1000.000000 -1000.000000 1.500689 0.99999022 
Car -1.0 -1.0 -1.786660 696.507000 171.229000 768.625000 223.426000 -1.000000 -1.000000 -1.000000 -1000.000000 -1000.000000 -1000.000000 -1.621331 0.99999794 
Car -1.0 -1.0 -1.379041 410.146000 166.908000 529.180000 258.414000 -1.000000 -1.000000 -1.000000 -1000.000000 -1000.000000 -1000.000000 -1.559429 0.99999854 
Car -1.0 -1.0 -1.398016 486.084000 177.726000 556.248000 227.736000 -1.000000 -1.000000 -1.000000 -1000.000000 -1000.000000 -1000.000000 -1.510745 0.99989976 
Car -1.0 -1.0 -0.527094 957.069000 180.123000 1146.543000 243.011000 -1.000000 -1.000000 -1.000000 -1000.000000 -1000.000000 -1000.000000 0.019834 0.99795388 
Car -1.0 -1.0 1.989763 207.183000 170.463000 293.609000 209.869000 -1.000000 -1.000000 -1.000000 -1000.000000 -1000.000000 -1000.000000 1.528096 0.49930958 
Car -1.0 -1.0 -1.685089 658.613000 177.533000 687.032000 198.186000 -1.000000 -1.000000 -1.000000 -1000.000000 -1000.000000 -1000.000000 -1.596492 0.49913135 
Car -1.0 -1.0 1.842325 345.212000 172.331000 393.027000 197.182000 -1.000000 -1.000000 -1.000000 -1000.000000 -1000.000000 -1000.000000 1.523214 0.99690779 