Car -1.0 -1.0 -1.769956 665.424000 174.258000 748.993000 234.848000 -1.000000 -1.000000 -1.000000 -1000.000000 -1000.000000 -1000.000000 -1.639502 0.99999988 
Car -1.0 -1.0 2.082100 235.468000 194.243000 301.370000 225.900000 -1.000000 -1.000000 -1.000000 -1000.000000 -1000.000000 -1000.000000 1.642318 0.99999991 
Car -1.0 -1.0 -1.926999 733.516000 169.797000 934.166000 301.927000 -1.000000 -1.000000 -1.000000 -1000.000000 -1000.000000 -1000.000000 -1.641969 0.99999982 
Car -1.0 -1.0 2.324262 10.859000 203.528000 150.828000 255.626000 -1.000000 -1.000000 -1.000000 -1000.000000 -1000.000000 -1000.000000 1.698686 0.99999362 
Car -1.0 -1.0 2.195352 144.564000 198.750000 238.634000 237.189000 -1.000000 -1.000000 -1.000000 -1000.000000 -1000.000000 -1000.000000 1.674057 0.99995506 
Car -1.0 -1.0 -1.733105 646.157000 176.863000 708.876000 222.767000 -1.000000 -1.000000 -1.000000 -1000.000000 -1000.000000 -1000.000000 -1.641283 0.99996114 
Car -1.0 -1.0 0.931083 1010.823000 191.243000 1240.585000 370.565000 -1.000000 -1.000000 -1.000000 -1000.000000 -1000.000000 -1000.000000 1.531946 0.99940006 
Car -1.0 -1.0 -1.650252 629.562000 178.269000 668.736000 208.677000 -1.000000 -1.000000 -1.000000 -1000.000000 -1000.000000 -1000.000000 -1.594179 0.99889980 
Car -1.0 -1.0 -1.581236 609.450000 178.042000 636.443000 199.614000 -1.000000 -1.000000 -1.000000 -1000.000000 -1000.000000 -1000.000000 -1.562593 0.49627949 
Car -1.0 -1.0 1.992551 302.427000 191.592000 355.597000 216.645000 -1.000000 -1.000000 -1.000000 -1000.000000 -1000.000000 -1000.000000 1.624665 0.94405927 
Car -1.0 -1.0 3.055797 440.454000 182.964000 480.222000 196.940000 -1.000000 -1.000000 -1.000000 -1000.000000 -1000.000000 -1000.000000 2.849173 0.21806799 