Car -1.0 -1.0 1.935212 330.913000 175.725000 385.466000 203.818000 -1.000000 -1.000000 -1.000000 -1000.000000 -1000.000000 -1000.000000 1.601969 0.99999982 
Car -1.0 -1.0 -1.348055 436.186000 175.400000 537.312000 251.653000 -1.000000 -1.000000 -1.000000 -1000.000000 -1000.000000 -1000.000000 -1.509000 0.99999952 
Car -1.0 -1.0 1.966082 282.248000 178.775000 347.252000 209.468000 -1.000000 -1.000000 -1.000000 -1000.000000 -1000.000000 -1000.000000 1.579917 0.99999875 
Car -1.0 -1.0 -1.720919 707.945000 180.875000 772.598000 229.413000 -1.000000 -1.000000 -1.000000 -1000.000000 -1000.000000 -1000.000000 -1.543223 0.99999395 
Car -1.0 -1.0 -1.446752 482.662000 167.401000 554.395000 226.441000 -1.000000 -1.000000 -1.000000 -1000.000000 -1000.000000 -1000.000000 -1.564805 0.99986824 
Car -1.0 -1.0 1.856360 369.759000 176.771000 412.824000 199.193000 -1.000000 -1.000000 -1.000000 -1000.000000 -1000.000000 -1000.000000 1.564732 0.99911976 
Car -1.0 -1.0 -1.456007 515.397000 166.362000 572.668000 214.015000 -1.000000 -1.000000 -1.000000 -1000.000000 -1000.000000 -1000.000000 -1.544894 0.99745867 
Car -1.0 -1.0 1.821441 418.891000 174.118000 453.753000 194.420000 -1.000000 -1.000000 -1.000000 -1000.000000 -1000.000000 -1000.000000 1.586992 0.99404936 
Car -1.0 -1.0 1.781355 395.420000 174.855000 432.633000 195.675000 -1.000000 -1.000000 -1.000000 -1000.000000 -1000.000000 -1000.000000 1.517136 0.97945100 
Car -1.0 -1.0 -1.669599 659.091000 173.569000 686.967000 195.176000 -1.000000 -1.000000 -1.000000 -1000.000000 -1000.000000 -1000.000000 -1.581616 0.65360904 
Car -1.0 -1.0 -1.680234 683.798000 180.478000 733.026000 212.745000 -1.000000 -1.000000 -1.000000 -1000.000000 -1000.000000 -1000.000000 -1.550158 0.42648548 
Car -1.0 -1.0 -1.672685 674.440000 178.378000 711.421000 206.671000 -1.000000 -1.000000 -1.000000 -1000.000000 -1000.000000 -1000.000000 -1.559710 0.70701076 
Car -1.0 -1.0 0.985844 0.000000 177.677000 69.215000 246.092000 -1.000000 -1.000000 -1.000000 -1000.000000 -1000.000000 -1000.000000 0.308080 0.45709348 
Car -1.0 -1.0 -1.450975 549.462000 173.270000 587.542000 203.160000 -1.000000 -1.000000 -1.000000 -1000.000000 -1000.000000 -1000.000000 -1.505003 0.29331549 
Car -1.0 -1.0 -1.507652 538.352000 172.624000 582.569000 206.100000 -1.000000 -1.000000 -1.000000 -1000.000000 -1000.000000 -1000.000000 -1.566348 0.15056424 