Car -1.0 -1.0 3.120748 239.038000 193.487000 375.405000 237.032000 -1.000000 -1.000000 -1.000000 -1000.000000 -1000.000000 -1000.000000 2.723511 0.99999976 
Car -1.0 -1.0 2.607581 1026.016000 156.564000 1169.361000 208.687000 -1.000000 -1.000000 -1.000000 -1000.000000 -1000.000000 -1000.000000 -3.081296 0.99998909 
Car -1.0 -1.0 -2.412692 451.274000 185.331000 546.528000 223.881000 -1.000000 -1.000000 -1.000000 -1000.000000 -1000.000000 -1000.000000 -2.562987 0.99998170 
Car -1.0 -1.0 0.751070 1054.365000 187.037000 1242.000000 366.122000 -1.000000 -1.000000 -1.000000 -1000.000000 -1000.000000 -1000.000000 1.391913 0.99996424 
Car -1.0 -1.0 -1.699147 650.481000 174.780000 693.383000 206.100000 -1.000000 -1.000000 -1.000000 -1000.000000 -1000.000000 -1000.000000 -1.613311 0.99992034 
Car -1.0 -1.0 1.896733 417.654000 187.273000 482.616000 215.893000 -1.000000 -1.000000 -1.000000 -1000.000000 -1000.000000 -1000.000000 1.677179 0.99123235 
Car -1.0 -1.0 2.236581 0.000000 197.110000 129.001000 255.538000 -1.000000 -1.000000 -1.000000 -1000.000000 -1000.000000 -1000.000000 1.602215 0.74961245 
Car -1.0 -1.0 2.775655 4.163000 194.741000 172.083000 256.532000 -1.000000 -1.000000 -1.000000 -1000.000000 -1000.000000 -1000.000000 2.167110 0.24973932 
Car -1.0 -1.0 2.794789 92.984000 188.281000 264.898000 239.106000 -1.000000 -1.000000 -1.000000 -1000.000000 -1000.000000 -1000.000000 2.267195 0.49837856 
Car -1.0 -1.0 -3.056146 127.760000 189.510000 265.088000 236.224000 -1.000000 -1.000000 -1.000000 -1000.000000 -1000.000000 -1000.000000 2.712447 0.49737017 
Car -1.0 -1.0 -1.631922 642.839000 177.378000 673.792000 201.114000 -1.000000 -1.000000 -1.000000 -1000.000000 -1000.000000 -1000.000000 -1.563031 0.49275507 
Car -1.0 -1.0 2.361414 1079.033000 160.168000 1234.438000 213.874000 -1.000000 -1.000000 -1.000000 -1000.000000 -1000.000000 -1000.000000 3.014398 0.48230551 