Car -1.0 -1.0 -1.392177 476.958000 174.355000 550.972000 231.591000 -1.000000 -1.000000 -1.000000 -1000.000000 -1000.000000 -1000.000000 -1.518015 0.99999934 
Car -1.0 -1.0 -1.855343 779.857000 190.405000 932.234000 289.445000 -1.000000 -1.000000 -1.000000 -1000.000000 -1000.000000 -1000.000000 -1.536291 0.99999979 
Car -1.0 -1.0 -1.383209 429.029000 183.165000 526.244000 254.155000 -1.000000 -1.000000 -1.000000 -1000.000000 -1000.000000 -1000.000000 -1.554143 0.99998912 
Car -1.0 -1.0 -2.052521 879.799000 200.069000 1233.822000 375.000000 -1.000000 -1.000000 -1.000000 -1000.000000 -1000.000000 -1000.000000 -1.529346 0.99999884 
Car -1.0 -1.0 -1.811053 730.105000 186.905000 833.654000 250.585000 -1.000000 -1.000000 -1.000000 -1000.000000 -1000.000000 -1000.000000 -1.587796 0.99969187 
Car -1.0 -1.0 -1.727581 671.689000 175.865000 723.594000 213.832000 -1.000000 -1.000000 -1.000000 -1000.000000 -1000.000000 -1000.000000 -1.606858 0.99991500 
Car -1.0 -1.0 2.098964 138.526000 174.714000 244.977000 227.544000 -1.000000 -1.000000 -1.000000 -1000.000000 -1000.000000 -1000.000000 1.579735 0.99573740 
Car -1.0 -1.0 1.960166 1.495000 156.835000 319.815000 374.170000 -1.000000 -1.000000 -1.000000 -1000.000000 -1000.000000 -1000.000000 1.423266 0.49896100 
Car -1.0 -1.0 2.040569 224.953000 175.190000 306.730000 211.445000 -1.000000 -1.000000 -1.000000 -1000.000000 -1000.000000 -1000.000000 1.597524 0.94773579 
Car -1.0 -1.0 -1.655377 646.199000 180.912000 670.369000 199.023000 -1.000000 -1.000000 -1.000000 -1000.000000 -1000.000000 -1000.000000 -1.586676 0.92942327 
Car -1.0 -1.0 -1.243707 260.359000 158.055000 492.491000 308.429000 -1.000000 -1.000000 -1.000000 -1000.000000 -1000.000000 -1000.000000 -1.528494 0.46619312 