Car -1.0 -1.0 -1.131225 2.450000 193.445000 414.114000 374.571000 -1.000000 -1.000000 -1.000000 -1000.000000 -1000.000000 -1000.000000 -1.586790 0.99999982 
Car -1.0 -1.0 2.057072 5.889000 169.876000 149.680000 229.716000 -1.000000 -1.000000 -1.000000 -1000.000000 -1000.000000 -1000.000000 1.429398 0.99999788 
Car -1.0 -1.0 -1.356591 341.821000 167.946000 515.526000 290.430000 -1.000000 -1.000000 -1.000000 -1000.000000 -1000.000000 -1000.000000 -1.581741 0.99999747 
Car -1.0 -1.0 0.193162 889.835000 198.066000 1231.366000 375.000000 -1.000000 -1.000000 -1.000000 -1000.000000 -1000.000000 -1000.000000 0.708723 0.99999905 
Car -1.0 -1.0 -1.364415 469.169000 179.912000 552.059000 242.671000 -1.000000 -1.000000 -1.000000 -1000.000000 -1000.000000 -1000.000000 -1.494741 0.99999881 
Car -1.0 -1.0 1.951276 267.834000 176.144000 334.785000 209.600000 -1.000000 -1.000000 -1.000000 -1000.000000 -1000.000000 -1000.000000 1.550872 0.99999711 
Car -1.0 -1.0 -1.792543 713.307000 172.399000 800.046000 233.055000 -1.000000 -1.000000 -1.000000 -1000.000000 -1000.000000 -1000.000000 -1.597070 0.99999234 
Car -1.0 -1.0 -0.577453 907.839000 185.045000 1022.049000 226.116000 -1.000000 -1.000000 -1.000000 -1000.000000 -1000.000000 -1000.000000 -0.119002 0.99863356 
Car -1.0 -1.0 1.666366 506.494000 177.290000 561.252000 223.016000 -1.000000 -1.000000 -1.000000 -1000.000000 -1000.000000 -1000.000000 1.575039 0.99845402 
Car -1.0 -1.0 2.047684 135.996000 171.797000 258.908000 218.655000 -1.000000 -1.000000 -1.000000 -1000.000000 -1000.000000 -1000.000000 1.539669 0.99934484 
Car -1.0 -1.0 -1.480848 545.443000 174.627000 581.731000 205.046000 -1.000000 -1.000000 -1.000000 -1000.000000 -1000.000000 -1000.000000 -1.542221 0.49931580 
Car -1.0 -1.0 1.875041 325.302000 175.288000 381.254000 202.734000 -1.000000 -1.000000 -1.000000 -1000.000000 -1000.000000 -1000.000000 1.535437 0.49854860 
Car -1.0 -1.0 -1.727127 664.985000 180.074000 696.633000 201.480000 -1.000000 -1.000000 -1.000000 -1000.000000 -1000.000000 -1000.000000 -1.628914 0.99338971 
Car -1.0 -1.0 -0.536206 1036.988000 179.172000 1242.000000 275.803000 -1.000000 -1.000000 -1.000000 -1000.000000 -1000.000000 -1000.000000 0.106932 0.24733333 