Car -1.0 -1.0 2.032311 100.079000 200.963000 339.429000 325.618000 -1.000000 -1.000000 -1.000000 -1000.000000 -1000.000000 -1000.000000 1.564162 0.99999985 
Car -1.0 -1.0 -0.321204 711.097000 161.112000 961.356000 264.299000 -1.000000 -1.000000 -1.000000 -1000.000000 -1000.000000 -1000.000000 -0.010179 0.49999994 
Car -1.0 -1.0 -0.325318 735.314000 171.038000 986.064000 276.571000 -1.000000 -1.000000 -1.000000 -1000.000000 -1000.000000 -1000.000000 -0.008502 0.49999958 
Car -1.0 -1.0 1.823242 361.470000 190.717000 436.441000 246.357000 -1.000000 -1.000000 -1.000000 -1000.000000 -1000.000000 -1000.000000 1.545626 0.99995333 
Car -1.0 -1.0 1.756559 463.732000 186.786000 502.650000 216.455000 -1.000000 -1.000000 -1.000000 -1000.000000 -1000.000000 -1000.000000 1.586920 0.99441479 
Car -1.0 -1.0 0.099818 972.928000 159.572000 1239.955000 373.139000 -1.000000 -1.000000 -1.000000 -1000.000000 -1000.000000 -1000.000000 0.710188 0.99994302 
Car -1.0 -1.0 -0.537999 861.049000 177.598000 1167.301000 333.743000 -1.000000 -1.000000 -1.000000 -1000.000000 -1000.000000 -1000.000000 0.000235 0.99973863 
Car -1.0 -1.0 -0.554114 694.076000 177.067000 804.272000 226.438000 -1.000000 -1.000000 -1.000000 -1000.000000 -1000.000000 -1000.000000 -0.378667 0.99290961 
Car -1.0 -1.0 -0.181148 666.924000 178.918000 759.539000 217.376000 -1.000000 -1.000000 -1.000000 -1000.000000 -1000.000000 -1000.000000 -0.043574 0.99497153 
Car -1.0 -1.0 1.812311 417.704000 188.698000 478.027000 230.797000 -1.000000 -1.000000 -1.000000 -1000.000000 -1000.000000 -1000.000000 1.598471 0.99478009 
Car -1.0 -1.0 -0.634484 714.077000 161.235000 893.831000 244.553000 -1.000000 -1.000000 -1.000000 -1000.000000 -1000.000000 -1000.000000 -0.371663 0.49545884 
Car -1.0 -1.0 -0.076703 640.170000 176.261000 722.184000 208.843000 -1.000000 -1.000000 -1.000000 -1000.000000 -1000.000000 -1000.000000 0.009514 0.24081689 