Car -1.0 -1.0 2.009121 244.059000 179.073000 318.559000 213.245000 -1.000000 -1.000000 -1.000000 -1000.000000 -1000.000000 -1000.000000 1.585057 0.99999973 
Car -1.0 -1.0 -1.763201 722.088000 174.714000 798.974000 231.329000 -1.000000 -1.000000 -1.000000 -1000.000000 -1000.000000 -1000.000000 -1.560610 0.99999797 
Car -1.0 -1.0 -1.311266 391.238000 172.200000 522.854000 267.615000 -1.000000 -1.000000 -1.000000 -1000.000000 -1000.000000 -1000.000000 -1.511189 0.99999109 
Car -1.0 -1.0 1.972920 301.072000 175.011000 364.417000 205.690000 -1.000000 -1.000000 -1.000000 -1000.000000 -1000.000000 -1000.000000 1.611087 0.99999675 
Car -1.0 -1.0 -1.466452 462.676000 162.452000 547.868000 229.517000 -1.000000 -1.000000 -1.000000 -1000.000000 -1000.000000 -1000.000000 -1.605004 0.99999353 
Car -1.0 -1.0 -1.485111 500.364000 159.944000 568.844000 213.764000 -1.000000 -1.000000 -1.000000 -1000.000000 -1000.000000 -1000.000000 -1.586420 0.99990854 
Car -1.0 -1.0 1.860624 349.436000 173.354000 398.537000 199.332000 -1.000000 -1.000000 -1.000000 -1000.000000 -1000.000000 -1000.000000 1.546686 0.99995095 
Car -1.0 -1.0 -1.758740 705.734000 174.521000 766.577000 219.589000 -1.000000 -1.000000 -1.000000 -1000.000000 -1000.000000 -1000.000000 -1.590554 0.97765836 
Car -1.0 -1.0 -1.700626 659.691000 165.882000 690.462000 189.174000 -1.000000 -1.000000 -1.000000 -1000.000000 -1000.000000 -1000.000000 -1.609300 0.97080094 
Car -1.0 -1.0 -1.704683 677.521000 172.219000 724.814000 200.914000 -1.000000 -1.000000 -1.000000 -1000.000000 -1000.000000 -1000.000000 -1.583838 0.81552637 
Car -1.0 -1.0 -1.441623 533.286000 167.889000 578.884000 203.101000 -1.000000 -1.000000 -1.000000 -1000.000000 -1000.000000 -1000.000000 -1.502829 0.37993281 