Car -1.0 -1.0 -1.409828 464.890000 171.268000 544.672000 234.983000 -1.000000 -1.000000 -1.000000 -1000.000000 -1000.000000 -1000.000000 -1.547178 0.99999985 
Car -1.0 -1.0 -1.919002 812.001000 186.722000 1020.278000 318.797000 -1.000000 -1.000000 -1.000000 -1000.000000 -1000.000000 -1000.000000 -1.530925 0.99999911 
Car -1.0 -1.0 -1.742776 677.472000 172.540000 733.449000 214.520000 -1.000000 -1.000000 -1.000000 -1000.000000 -1000.000000 -1000.000000 -1.611224 0.99999824 
Car -1.0 -1.0 0.213265 967.717000 201.658000 1241.282000 373.934000 -1.000000 -1.000000 -1.000000 -1000.000000 -1000.000000 -1000.000000 0.797067 0.99998930 
Car -1.0 -1.0 -1.419257 403.054000 181.171000 516.049000 264.115000 -1.000000 -1.000000 -1.000000 -1000.000000 -1000.000000 -1000.000000 -1.614644 0.99997598 
Car -1.0 -1.0 -1.859195 750.511000 185.847000 872.133000 261.129000 -1.000000 -1.000000 -1.000000 -1000.000000 -1000.000000 -1000.000000 -1.598859 0.99831554 
Car -1.0 -1.0 3.068018 0.155000 168.290000 108.953000 238.325000 -1.000000 -1.000000 -1.000000 -1000.000000 -1000.000000 -1000.000000 2.409803 0.99741831 
Car -1.0 -1.0 -1.441617 506.200000 179.446000 559.556000 219.716000 -1.000000 -1.000000 -1.000000 -1000.000000 -1000.000000 -1000.000000 -1.538617 0.99709383 
Car -1.0 -1.0 -1.684353 649.358000 178.198000 674.384000 196.617000 -1.000000 -1.000000 -1.000000 -1000.000000 -1000.000000 -1000.000000 -1.610234 0.99684061 
Car -1.0 -1.0 2.118690 93.608000 171.396000 229.346000 222.229000 -1.000000 -1.000000 -1.000000 -1000.000000 -1000.000000 -1000.000000 1.561204 0.49591951 
Car -1.0 -1.0 -0.364906 823.040000 180.397000 896.952000 215.390000 -1.000000 -1.000000 -1.000000 -1000.000000 -1000.000000 -1000.000000 -0.024725 0.48667692 
Car -1.0 -1.0 -0.684984 0.000000 178.502000 134.421000 368.017000 -1.000000 -1.000000 -1.000000 -1000.000000 -1000.000000 -1000.000000 -1.309074 0.24025753 