Car -1.0 -1.0 2.019185 178.918000 197.516000 283.364000 252.941000 -1.000000 -1.000000 -1.000000 -1000.000000 -1000.000000 -1000.000000 1.539534 1.00000000 
Car -1.0 -1.0 1.946171 273.148000 202.507000 325.838000 229.820000 -1.000000 -1.000000 -1.000000 -1000.000000 -1000.000000 -1000.000000 1.542580 0.99999973 
Car -1.0 -1.0 -1.500496 527.867000 182.397000 572.490000 223.033000 -1.000000 -1.000000 -1.000000 -1000.000000 -1000.000000 -1000.000000 -1.580411 0.99999896 
Car -1.0 -1.0 2.107053 847.317000 179.416000 997.036000 243.230000 -1.000000 -1.000000 -1.000000 -1000.000000 -1000.000000 -1000.000000 2.515906 0.99999535 
Car -1.0 -1.0 2.186485 31.729000 207.134000 178.954000 280.604000 -1.000000 -1.000000 -1.000000 -1000.000000 -1000.000000 -1000.000000 1.583949 0.99999207 
Car -1.0 -1.0 2.123657 907.903000 173.516000 1100.875000 255.918000 -1.000000 -1.000000 -1.000000 -1000.000000 -1000.000000 -1000.000000 2.622406 0.99999762 
Car -1.0 -1.0 2.035217 1007.176000 177.166000 1227.697000 271.995000 -1.000000 -1.000000 -1.000000 -1000.000000 -1000.000000 -1000.000000 2.653790 0.99996239 
Car -1.0 -1.0 -1.272380 386.576000 195.076000 499.248000 266.569000 -1.000000 -1.000000 -1.000000 -1000.000000 -1000.000000 -1000.000000 -1.490761 0.99999011 
Car -1.0 -1.0 2.231514 794.298000 178.796000 924.373000 230.959000 -1.000000 -1.000000 -1.000000 -1000.000000 -1000.000000 -1000.000000 2.580283 0.99968216 
Car -1.0 -1.0 3.014943 725.453000 174.648000 849.616000 218.327000 -1.000000 -1.000000 -1.000000 -1000.000000 -1000.000000 -1000.000000 -3.023856 0.99888118 
Car -1.0 -1.0 -1.657792 637.879000 178.650000 667.148000 201.578000 -1.000000 -1.000000 -1.000000 -1000.000000 -1000.000000 -1000.000000 -1.596179 0.99407801 