Car -1.0 -1.0 1.806180 460.007000 191.050000 551.262000 258.007000 -1.000000 -1.000000 -1.000000 -1000.000000 -1000.000000 -1000.000000 1.669650 0.99999994 
Car -1.0 -1.0 -1.605356 705.381000 189.486000 814.391000 283.882000 -1.000000 -1.000000 -1.000000 -1000.000000 -1000.000000 -1000.000000 -1.407892 0.99999973 
Car -1.0 -1.0 -1.499343 583.197000 186.589000 664.701000 260.496000 -1.000000 -1.000000 -1.000000 -1000.000000 -1000.000000 -1000.000000 -1.475649 0.99999994 
Car -1.0 -1.0 -1.993366 791.277000 195.718000 1237.884000 375.000000 -1.000000 -1.000000 -1.000000 -1000.000000 -1000.000000 -1000.000000 -1.553600 0.99999839 
Car -1.0 -1.0 -1.521809 691.631000 188.146000 762.473000 255.934000 -1.000000 -1.000000 -1.000000 -1000.000000 -1000.000000 -1000.000000 -1.357809 0.99998564 
Car -1.0 -1.0 -1.475139 610.007000 179.675000 676.906000 238.282000 -1.000000 -1.000000 -1.000000 -1000.000000 -1000.000000 -1000.000000 -1.420127 0.99999404 
Car -1.0 -1.0 0.301945 70.496000 205.478000 177.436000 243.031000 -1.000000 -1.000000 -1.000000 -1000.000000 -1000.000000 -1000.000000 -0.285042 0.99989286 
Car -1.0 -1.0 0.067772 218.515000 198.495000 320.754000 233.835000 -1.000000 -1.000000 -1.000000 -1000.000000 -1000.000000 -1000.000000 -0.369823 0.99984048 
Car -1.0 -1.0 1.762103 565.176000 185.073000 608.563000 218.610000 -1.000000 -1.000000 -1.000000 -1000.000000 -1000.000000 -1000.000000 1.732780 0.99893431 
Car -1.0 -1.0 -3.023510 146.690000 199.856000 252.331000 235.992000 -1.000000 -1.000000 -1.000000 -1000.000000 -1000.000000 -1000.000000 2.742650 0.98359182 
Car -1.0 -1.0 -2.953007 1.007000 201.507000 93.847000 232.119000 -1.000000 -1.000000 -1.000000 -1000.000000 -1000.000000 -1000.000000 2.671777 0.47122632 