Car -1.0 -1.0 -0.389374 690.356000 175.166000 854.136000 242.012000 -1.000000 -1.000000 -1.000000 -1000.000000 -1000.000000 -1000.000000 -0.182805 0.99999630 
Car -1.0 -1.0 -0.584214 828.450000 176.378000 1205.086000 301.029000 -1.000000 -1.000000 -1.000000 -1000.000000 -1000.000000 -1000.000000 -0.077375 0.99999678 
Car -1.0 -1.0 1.906761 249.167000 173.069000 403.150000 274.428000 -1.000000 -1.000000 -1.000000 -1000.000000 -1000.000000 -1000.000000 1.535526 0.99999705 
Car -1.0 -1.0 -0.220862 640.588000 178.853000 760.024000 225.604000 -1.000000 -1.000000 -1.000000 -1000.000000 -1000.000000 -1000.000000 -0.106895 0.99997562 
Car -1.0 -1.0 1.790109 366.616000 187.545000 436.833000 236.119000 -1.000000 -1.000000 -1.000000 -1000.000000 -1000.000000 -1000.000000 1.515876 0.99964258 
Car -1.0 -1.0 -0.490527 737.448000 173.683000 920.567000 259.311000 -1.000000 -1.000000 -1.000000 -1000.000000 -1000.000000 -1000.000000 -0.196476 0.74987890 
Car -1.0 -1.0 -0.553412 747.094000 176.819000 947.984000 269.360000 -1.000000 -1.000000 -1.000000 -1000.000000 -1000.000000 -1000.000000 -0.240964 0.24995825 
Car -1.0 -1.0 -0.041484 605.735000 176.296000 684.114000 211.427000 -1.000000 -1.000000 -1.000000 -1000.000000 -1000.000000 -1000.000000 0.011116 0.99922249 
Car -1.0 -1.0 -0.315111 663.444000 178.007000 809.870000 233.239000 -1.000000 -1.000000 -1.000000 -1000.000000 -1000.000000 -1000.000000 -0.130016 0.24961489 
Car -1.0 -1.0 1.739457 420.453000 185.685000 465.889000 220.489000 -1.000000 -1.000000 -1.000000 -1000.000000 -1000.000000 -1000.000000 1.517574 0.49160960 
Car -1.0 -1.0 -0.606577 764.630000 182.173000 1007.735000 289.166000 -1.000000 -1.000000 -1.000000 -1000.000000 -1000.000000 -1000.000000 -0.259639 0.23462150 