Car -1.0 -1.0 1.877491 312.188000 173.569000 370.298000 206.144000 -1.000000 -1.000000 -1.000000 -1000.000000 -1000.000000 -1000.000000 1.521664 0.99999940 
Car -1.0 -1.0 -1.691867 656.639000 170.940000 715.123000 220.745000 -1.000000 -1.000000 -1.000000 -1000.000000 -1000.000000 -1000.000000 -1.590274 0.99999994 
Car -1.0 -1.0 1.994718 250.847000 179.975000 321.959000 214.883000 -1.000000 -1.000000 -1.000000 -1000.000000 -1000.000000 -1000.000000 1.576330 1.00000000 
Car -1.0 -1.0 -1.862440 725.518000 183.775000 901.736000 297.854000 -1.000000 -1.000000 -1.000000 -1000.000000 -1000.000000 -1000.000000 -1.603797 0.99999997 
Car -1.0 -1.0 -1.594349 573.339000 167.416000 639.607000 231.370000 -1.000000 -1.000000 -1.000000 -1000.000000 -1000.000000 -1000.000000 -1.594747 0.99999967 
Car -1.0 -1.0 1.784902 376.605000 170.133000 422.666000 198.022000 -1.000000 -1.000000 -1.000000 -1000.000000 -1000.000000 -1000.000000 1.504205 0.99998510 
Car -1.0 -1.0 -1.770778 698.676000 176.691000 804.760000 254.587000 -1.000000 -1.000000 -1.000000 -1000.000000 -1000.000000 -1000.000000 -1.583411 0.99999288 
Car -1.0 -1.0 -2.473968 878.479000 218.863000 1235.304000 373.373000 -1.000000 -1.000000 -1.000000 -1000.000000 -1000.000000 -1000.000000 -1.915124 0.99998736 
Car -1.0 -1.0 -1.656464 639.941000 170.727000 677.146000 200.676000 -1.000000 -1.000000 -1.000000 -1000.000000 -1000.000000 -1000.000000 -1.588681 0.99788658 
Car -1.0 -1.0 2.142997 84.539000 185.252000 186.952000 235.420000 -1.000000 -1.000000 -1.000000 -1000.000000 -1000.000000 -1000.000000 1.564314 0.97258341 
Car -1.0 -1.0 1.709075 405.852000 171.035000 439.603000 193.310000 -1.000000 -1.000000 -1.000000 -1000.000000 -1000.000000 -1000.000000 1.455753 0.23168035 