Car -1.0 -1.0 -2.033263 797.143000 168.469000 1041.732000 313.037000 -1.000000 -1.000000 -1.000000 -1000.000000 -1000.000000 -1000.000000 -1.653776 0.99999988 
Car -1.0 -1.0 -1.180390 48.943000 193.094000 444.896000 374.099000 -1.000000 -1.000000 -1.000000 -1000.000000 -1000.000000 -1000.000000 -1.572199 0.99999946 
Car -1.0 -1.0 -1.365774 356.226000 183.847000 498.001000 281.274000 -1.000000 -1.000000 -1.000000 -1000.000000 -1000.000000 -1000.000000 -1.592438 0.99999946 
Car -1.0 -1.0 -1.433296 490.732000 174.776000 556.220000 223.797000 -1.000000 -1.000000 -1.000000 -1000.000000 -1000.000000 -1000.000000 -1.544633 0.99999380 
Car -1.0 -1.0 2.178351 43.995000 181.855000 240.560000 251.363000 -1.000000 -1.000000 -1.000000 -1000.000000 -1000.000000 -1000.000000 1.610594 0.99996674 
Car -1.0 -1.0 -1.452355 423.976000 167.389000 524.756000 247.383000 -1.000000 -1.000000 -1.000000 -1000.000000 -1000.000000 -1000.000000 -1.623220 0.99996001 
Car -1.0 -1.0 -1.780429 669.022000 181.815000 712.785000 210.668000 -1.000000 -1.000000 -1.000000 -1000.000000 -1000.000000 -1000.000000 -1.668935 0.99989273 
Car -1.0 -1.0 -0.856168 1121.592000 185.379000 1240.803000 269.248000 -1.000000 -1.000000 -1.000000 -1000.000000 -1000.000000 -1000.000000 -0.191380 0.49856974 
Car -1.0 -1.0 -0.633210 1128.539000 186.227000 1240.128000 245.774000 -1.000000 -1.000000 -1.000000 -1000.000000 -1000.000000 -1000.000000 0.035106 0.24914169 
Car -1.0 -1.0 -0.648922 1121.145000 184.475000 1235.517000 233.430000 -1.000000 -1.000000 -1.000000 -1000.000000 -1000.000000 -1000.000000 0.012082 0.24853408 
Car -1.0 -1.0 1.911560 284.967000 178.924000 350.709000 214.686000 -1.000000 -1.000000 -1.000000 -1000.000000 -1000.000000 -1000.000000 1.533289 0.48292099 