Car -1.0 -1.0 -1.383824 426.036000 180.163000 541.640000 263.684000 -1.000000 -1.000000 -1.000000 -1000.000000 -1000.000000 -1000.000000 -1.544654 0.99999729 
Car -1.0 -1.0 -1.257380 207.871000 164.219000 486.012000 344.212000 -1.000000 -1.000000 -1.000000 -1000.000000 -1000.000000 -1000.000000 -1.571645 0.99999884 
Car -1.0 -1.0 2.123759 58.435000 170.125000 211.567000 224.492000 -1.000000 -1.000000 -1.000000 -1000.000000 -1000.000000 -1000.000000 1.551359 0.99998268 
Car -1.0 -1.0 -1.818190 726.135000 173.593000 834.957000 245.703000 -1.000000 -1.000000 -1.000000 -1000.000000 -1000.000000 -1000.000000 -1.590613 0.99997979 
Car -1.0 -1.0 -1.512744 503.881000 171.802000 559.792000 223.429000 -1.000000 -1.000000 -1.000000 -1000.000000 -1000.000000 -1000.000000 -1.616056 0.49994013 
Car -1.0 -1.0 -1.422682 479.393000 177.641000 550.361000 234.798000 -1.000000 -1.000000 -1.000000 -1000.000000 -1000.000000 -1000.000000 -1.545615 0.99909559 
Car -1.0 -1.0 -1.769763 667.552000 181.245000 701.190000 204.965000 -1.000000 -1.000000 -1.000000 -1000.000000 -1000.000000 -1000.000000 -1.666210 0.98665410 
Car -1.0 -1.0 -1.450949 534.719000 174.639000 577.646000 209.299000 -1.000000 -1.000000 -1.000000 -1000.000000 -1000.000000 -1000.000000 -1.518363 0.99646918 
Car -1.0 -1.0 -0.955098 0.075000 185.990000 227.920000 371.717000 -1.000000 -1.000000 -1.000000 -1000.000000 -1000.000000 -1000.000000 -1.536464 0.98420267 
Car -1.0 -1.0 0.483408 1064.194000 203.457000 1242.000000 370.875000 -1.000000 -1.000000 -1.000000 -1000.000000 -1000.000000 -1000.000000 1.126118 0.99381380 
Car -1.0 -1.0 -0.449249 968.901000 192.395000 1119.161000 237.181000 -1.000000 -1.000000 -1.000000 -1000.000000 -1000.000000 -1000.000000 0.078525 0.49508823 