Car -1.0 -1.0 1.820705 343.099000 171.734000 392.894000 201.020000 -1.000000 -1.000000 -1.000000 -1000.000000 -1000.000000 -1000.000000 1.500720 1.00000000 
Car -1.0 -1.0 1.910491 297.931000 178.376000 356.582000 206.865000 -1.000000 -1.000000 -1.000000 -1000.000000 -1000.000000 -1000.000000 1.539833 1.00000000 
Car -1.0 -1.0 -1.601803 576.255000 166.157000 638.533000 227.705000 -1.000000 -1.000000 -1.000000 -1000.000000 -1000.000000 -1000.000000 -1.602736 0.99999961 
Car -1.0 -1.0 -1.861532 739.929000 193.451000 970.243000 337.434000 -1.000000 -1.000000 -1.000000 -1000.000000 -1000.000000 -1000.000000 -1.557628 0.99999961 
Car -1.0 -1.0 -0.495523 842.337000 206.036000 1233.150000 374.829000 -1.000000 -1.000000 -1.000000 -1000.000000 -1000.000000 -1000.000000 0.004917 0.99999723 
Car -1.0 -1.0 -1.664303 647.076000 169.607000 693.979000 209.791000 -1.000000 -1.000000 -1.000000 -1000.000000 -1000.000000 -1000.000000 -1.582485 0.99999553 
Car -1.0 -1.0 2.935403 0.536000 182.984000 105.753000 255.633000 -1.000000 -1.000000 -1.000000 -1000.000000 -1000.000000 -1000.000000 2.271777 0.99997583 
Car -1.0 -1.0 -1.779515 688.886000 176.311000 796.716000 253.298000 -1.000000 -1.000000 -1.000000 -1000.000000 -1000.000000 -1000.000000 -1.602194 0.99997929 
Car -1.0 -1.0 1.744854 396.999000 168.462000 436.313000 194.001000 -1.000000 -1.000000 -1.000000 -1000.000000 -1000.000000 -1000.000000 1.486534 0.99987671 
Car -1.0 -1.0 -1.738081 675.678000 172.328000 751.419000 231.723000 -1.000000 -1.000000 -1.000000 -1000.000000 -1000.000000 -1000.000000 -1.599026 0.99916431 
Car -1.0 -1.0 2.020175 159.816000 187.844000 230.713000 220.430000 -1.000000 -1.000000 -1.000000 -1000.000000 -1000.000000 -1000.000000 1.497502 0.24251698 