Car -1.0 -1.0 -2.614728 79.796000 193.967000 346.789000 288.520000 -1.000000 -1.000000 -1.000000 -1000.000000 -1000.000000 -1000.000000 -3.098931 0.99999994 
Car -1.0 -1.0 -1.558823 609.518000 172.438000 644.245000 206.416000 -1.000000 -1.000000 -1.000000 -1000.000000 -1000.000000 -1000.000000 -1.533083 0.99999991 
Car -1.0 -1.0 -1.792308 710.343000 176.538000 816.827000 254.547000 -1.000000 -1.000000 -1.000000 -1000.000000 -1000.000000 -1000.000000 -1.589593 0.99999937 
Car -1.0 -1.0 -2.689806 334.559000 188.952000 458.172000 235.457000 -1.000000 -1.000000 -1.000000 -1000.000000 -1000.000000 -1000.000000 -2.973745 0.99999833 
Car -1.0 -1.0 -1.732416 687.238000 174.837000 759.331000 229.366000 -1.000000 -1.000000 -1.000000 -1000.000000 -1000.000000 -1000.000000 -1.578276 0.99999288 
Car -1.0 -1.0 -2.658784 242.465000 191.342000 409.875000 256.571000 -1.000000 -1.000000 -1.000000 -1000.000000 -1000.000000 -1000.000000 -3.008474 0.99990290 
Car -1.0 -1.0 -2.880052 446.612000 177.995000 525.506000 211.713000 -1.000000 -1.000000 -1.000000 -1000.000000 -1000.000000 -1000.000000 -3.046433 0.99696782 
Car -1.0 -1.0 -2.552895 478.738000 176.359000 549.080000 204.651000 -1.000000 -1.000000 -1.000000 -1000.000000 -1000.000000 -1000.000000 -2.688854 0.97706637 
Car -1.0 -1.0 -2.619861 168.729000 190.627000 378.924000 270.426000 -1.000000 -1.000000 -1.000000 -1000.000000 -1000.000000 -1000.000000 -3.038660 0.24909323 
Car -1.0 -1.0 -2.686201 409.727000 181.823000 504.322000 218.902000 -1.000000 -1.000000 -1.000000 -1000.000000 -1000.000000 -1000.000000 -2.893333 0.98417915 
Car -1.0 -1.0 -2.058545 804.871000 136.114000 1205.020000 364.543000 -1.000000 -1.000000 -1.000000 -1000.000000 -1000.000000 -1000.000000 -1.604561 0.96436729 
Car -1.0 -1.0 -2.770115 369.529000 186.666000 484.189000 228.156000 -1.000000 -1.000000 -1.000000 -1000.000000 -1000.000000 -1000.000000 -3.015429 0.24611910 
Car -1.0 -1.0 -2.765883 295.967000 191.648000 425.643000 243.262000 -1.000000 -1.000000 -1.000000 -1000.000000 -1000.000000 -1000.000000 -3.105199 0.22445393 