Car -1.0 -1.0 -1.948597 650.773000 193.966000 1006.356000 374.804000 -1.000000 -1.000000 -1.000000 -1000.000000 -1000.000000 -1000.000000 -1.712515 0.99999830 
Car -1.0 -1.0 1.707225 326.368000 187.607000 396.176000 243.424000 -1.000000 -1.000000 -1.000000 -1000.000000 -1000.000000 -1000.000000 1.379452 0.99996442 
Car -1.0 -1.0 -0.394609 595.742000 189.740000 717.265000 239.659000 -1.000000 -1.000000 -1.000000 -1000.000000 -1000.000000 -1000.000000 -0.331160 0.99959552 
Car -1.0 -1.0 -1.594567 470.109000 185.163000 495.628000 204.162000 -1.000000 -1.000000 -1.000000 -1000.000000 -1000.000000 -1000.000000 -1.768303 0.98976620 
Car -1.0 -1.0 -0.530541 635.807000 185.866000 789.643000 275.577000 -1.000000 -1.000000 -1.000000 -1000.000000 -1000.000000 -1000.000000 -0.369680 0.99417351 
Car -1.0 -1.0 -0.187004 546.879000 182.376000 633.983000 218.351000 -1.000000 -1.000000 -1.000000 -1000.000000 -1000.000000 -1000.000000 -0.210297 0.97652656 
Car -1.0 -1.0 2.686860 562.209000 187.097000 677.294000 229.268000 -1.000000 -1.000000 -1.000000 -1000.000000 -1000.000000 -1000.000000 2.702386 0.46990810 
Car -1.0 -1.0 -0.501863 765.232000 189.588000 973.436000 285.004000 -1.000000 -1.000000 -1.000000 -1000.000000 -1000.000000 -1000.000000 -0.146653 0.39983714 
Car -1.0 -1.0 -0.027623 907.161000 193.726000 1240.743000 367.564000 -1.000000 -1.000000 -1.000000 -1000.000000 -1000.000000 -1000.000000 0.546553 0.48834722 
Car -1.0 -1.0 2.675103 566.221000 188.545000 664.155000 224.712000 -1.000000 -1.000000 -1.000000 -1000.000000 -1000.000000 -1000.000000 2.689111 0.34985626 
Car -1.0 -1.0 -1.414544 369.397000 187.839000 412.848000 221.392000 -1.000000 -1.000000 -1.000000 -1000.000000 -1000.000000 -1000.000000 -1.701514 0.12219997 
Car -1.0 -1.0 -0.601484 735.104000 184.082000 995.911000 291.494000 -1.000000 -1.000000 -1.000000 -1000.000000 -1000.000000 -1000.000000 -0.253630 0.11804482 