Car -1.0 -1.0 -1.779740 671.282000 181.204000 719.449000 213.683000 -1.000000 -1.000000 -1.000000 -1000.000000 -1000.000000 -1000.000000 -1.660870 0.99999979 
Car -1.0 -1.0 -2.228695 867.876000 158.737000 1234.030000 374.516000 -1.000000 -1.000000 -1.000000 -1000.000000 -1000.000000 -1000.000000 -1.712046 0.99999866 
Car -1.0 -1.0 -1.425378 468.514000 172.947000 545.573000 231.709000 -1.000000 -1.000000 -1.000000 -1000.000000 -1000.000000 -1000.000000 -1.558484 0.99999732 
Car -1.0 -1.0 1.040973 7.330000 198.044000 345.887000 374.976000 -1.000000 -1.000000 -1.000000 -1000.000000 -1000.000000 -1000.000000 0.488883 0.99999943 
Car -1.0 -1.0 -1.326222 249.914000 186.855000 466.648000 327.286000 -1.000000 -1.000000 -1.000000 -1000.000000 -1000.000000 -1000.000000 -1.633368 0.99999753 
Car -1.0 -1.0 2.119826 112.217000 178.775000 227.678000 225.248000 -1.000000 -1.000000 -1.000000 -1000.000000 -1000.000000 -1000.000000 1.573612 0.99990848 
Car -1.0 -1.0 2.044159 196.466000 177.298000 283.056000 216.133000 -1.000000 -1.000000 -1.000000 -1000.000000 -1000.000000 -1000.000000 1.571473 0.99874100 
Car -1.0 -1.0 1.918058 253.025000 177.144000 322.403000 210.302000 -1.000000 -1.000000 -1.000000 -1000.000000 -1000.000000 -1000.000000 1.504785 0.99836276 
Car -1.0 -1.0 2.281833 0.081000 181.333000 101.681000 241.487000 -1.000000 -1.000000 -1.000000 -1000.000000 -1000.000000 -1000.000000 1.619145 0.99636234 
Car -1.0 -1.0 -1.514838 547.119000 174.266000 574.750000 195.092000 -1.000000 -1.000000 -1.000000 -1000.000000 -1000.000000 -1000.000000 -1.579839 0.49313568 
Car -1.0 -1.0 -1.438079 379.259000 168.208000 503.321000 265.426000 -1.000000 -1.000000 -1.000000 -1000.000000 -1000.000000 -1000.000000 -1.653766 0.24125810 