Car -1.0 -1.0 -1.778951 734.820000 175.364000 821.901000 239.536000 -1.000000 -1.000000 -1.000000 -1000.000000 -1000.000000 -1000.000000 -1.552621 0.99999952 
Car -1.0 -1.0 -1.433232 443.670000 162.337000 538.999000 238.501000 -1.000000 -1.000000 -1.000000 -1000.000000 -1000.000000 -1000.000000 -1.590330 0.99994481 
Car -1.0 -1.0 -1.476731 489.958000 160.678000 563.227000 219.794000 -1.000000 -1.000000 -1.000000 -1000.000000 -1000.000000 -1000.000000 -1.587323 0.99999833 
Car -1.0 -1.0 -1.337224 340.481000 175.046000 505.162000 290.205000 -1.000000 -1.000000 -1.000000 -1000.000000 -1000.000000 -1000.000000 -1.574313 0.99999687 
Car -1.0 -1.0 1.983274 280.399000 178.086000 351.030000 210.457000 -1.000000 -1.000000 -1.000000 -1000.000000 -1000.000000 -1000.000000 1.600559 0.99998978 
Car -1.0 -1.0 2.035832 211.652000 182.387000 297.492000 220.356000 -1.000000 -1.000000 -1.000000 -1000.000000 -1000.000000 -1000.000000 1.582592 0.99996585 
Car -1.0 -1.0 -1.782678 710.158000 175.854000 782.310000 224.450000 -1.000000 -1.000000 -1.000000 -1000.000000 -1000.000000 -1000.000000 -1.600128 0.99942997 
Car -1.0 -1.0 -1.711409 661.429000 167.575000 693.253000 192.193000 -1.000000 -1.000000 -1.000000 -1000.000000 -1000.000000 -1000.000000 -1.617028 0.98356028 
Car -1.0 -1.0 -1.734638 679.338000 173.576000 727.663000 205.302000 -1.000000 -1.000000 -1.000000 -1000.000000 -1000.000000 -1000.000000 -1.606735 0.99065462 
Car -1.0 -1.0 -1.478432 525.399000 169.086000 576.310000 208.382000 -1.000000 -1.000000 -1.000000 -1000.000000 -1000.000000 -1000.000000 -1.548581 0.69861515 
Car -1.0 -1.0 1.855962 336.820000 176.086000 390.088000 203.261000 -1.000000 -1.000000 -1.000000 -1000.000000 -1000.000000 -1000.000000 1.525360 0.84530044 