Car -1.0 -1.0 -0.538483 802.002000 172.728000 1090.134000 286.127000 -1.000000 -1.000000 -1.000000 -1000.000000 -1000.000000 -1000.000000 -0.089137 0.99985337 
Car -1.0 -1.0 1.863697 378.094000 188.938000 454.244000 245.793000 -1.000000 -1.000000 -1.000000 -1000.000000 -1000.000000 -1000.000000 1.604629 0.99999869 
Car -1.0 -1.0 2.829715 703.731000 183.749000 856.512000 242.100000 -1.000000 -1.000000 -1.000000 -1000.000000 -1000.000000 -1000.000000 3.034709 0.99999693 
Car -1.0 -1.0 -0.255177 675.394000 183.631000 799.298000 230.753000 -1.000000 -1.000000 -1.000000 -1000.000000 -1000.000000 -1000.000000 -0.082463 0.99999455 
Car -1.0 -1.0 1.967544 174.993000 173.504000 397.111000 303.670000 -1.000000 -1.000000 -1.000000 -1000.000000 -1000.000000 -1000.000000 1.563208 0.99999645 
Car -1.0 -1.0 -0.780768 860.421000 186.211000 1175.146000 320.940000 -1.000000 -1.000000 -1.000000 -1000.000000 -1000.000000 -1000.000000 -0.255308 0.99995327 
Car -1.0 -1.0 -0.481989 752.222000 180.054000 948.402000 262.319000 -1.000000 -1.000000 -1.000000 -1000.000000 -1000.000000 -1000.000000 -0.169766 0.99999487 
Car -1.0 -1.0 1.775144 445.310000 188.065000 492.520000 224.514000 -1.000000 -1.000000 -1.000000 -1000.000000 -1000.000000 -1000.000000 1.585941 0.99996209 
Car -1.0 -1.0 -1.326960 996.577000 191.364000 1238.524000 374.650000 -1.000000 -1.000000 -1.000000 -1000.000000 -1000.000000 -1000.000000 -0.691709 0.99989723 
Car -1.0 -1.0 -0.084438 645.918000 180.254000 733.622000 217.272000 -1.000000 -1.000000 -1.000000 -1000.000000 -1000.000000 -1000.000000 0.027911 0.99819139 
Car -1.0 -1.0 1.715576 475.865000 187.787000 508.538000 212.332000 -1.000000 -1.000000 -1.000000 -1000.000000 -1000.000000 -1000.000000 1.556647 0.49834551 