Car -1.0 -1.0 1.865956 388.973000 197.550000 466.645000 253.163000 -1.000000 -1.000000 -1.000000 -1000.000000 -1000.000000 -1000.000000 1.622433 0.99999934 
Car -1.0 -1.0 1.921988 313.482000 202.180000 415.652000 278.126000 -1.000000 -1.000000 -1.000000 -1000.000000 -1000.000000 -1000.000000 1.600398 0.99999774 
Car -1.0 -1.0 1.780018 434.375000 191.949000 492.495000 237.214000 -1.000000 -1.000000 -1.000000 -1000.000000 -1000.000000 -1000.000000 1.581592 0.99994391 
Car -1.0 -1.0 -0.467918 803.406000 177.565000 1107.291000 326.393000 -1.000000 -1.000000 -1.000000 -1000.000000 -1000.000000 -1000.000000 -0.014441 0.24997759 
Car -1.0 -1.0 -0.563402 827.907000 171.377000 1241.320000 315.623000 -1.000000 -1.000000 -1.000000 -1000.000000 -1000.000000 -1000.000000 -0.038176 0.91333908 
Car -1.0 -1.0 1.588806 599.676000 178.545000 624.896000 201.882000 -1.000000 -1.000000 -1.000000 -1000.000000 -1000.000000 -1000.000000 1.592707 0.99939835 
Car -1.0 -1.0 0.302965 644.146000 174.776000 703.439000 198.277000 -1.000000 -1.000000 -1.000000 -1000.000000 -1000.000000 -1000.000000 0.393899 0.49982917 
Car -1.0 -1.0 0.244564 641.012000 175.496000 689.797000 197.994000 -1.000000 -1.000000 -1.000000 -1000.000000 -1000.000000 -1000.000000 0.329756 0.46184649 
Car -1.0 -1.0 1.771943 464.053000 192.833000 516.032000 226.150000 -1.000000 -1.000000 -1.000000 -1000.000000 -1000.000000 -1000.000000 1.611603 0.86003046 
Car -1.0 -1.0 -0.480190 796.077000 182.204000 1051.537000 308.267000 -1.000000 -1.000000 -1.000000 -1000.000000 -1000.000000 -1000.000000 -0.064078 0.19125567 
Car -1.0 -1.0 0.980657 1148.763000 186.975000 1241.203000 368.097000 -1.000000 -1.000000 -1.000000 -1000.000000 -1000.000000 -1000.000000 1.647017 0.25157499 