Car -1.0 -1.0 -1.971631 1.938000 181.582000 185.609000 288.248000 -1.000000 -1.000000 -1.000000 -1000.000000 -1000.000000 -1000.000000 -2.606115 0.99999970 
Car -1.0 -1.0 2.568377 968.008000 161.470000 1053.953000 192.907000 -1.000000 -1.000000 -1.000000 -1000.000000 -1000.000000 -1000.000000 3.074263 0.99996424 
Car -1.0 -1.0 1.183600 375.277000 181.067000 456.442000 220.291000 -1.000000 -1.000000 -1.000000 -1000.000000 -1000.000000 -1000.000000 0.924672 0.99998185 
Car -1.0 -1.0 2.372156 295.483000 194.391000 364.251000 224.549000 -1.000000 -1.000000 -1.000000 -1000.000000 -1000.000000 -1000.000000 2.004467 0.99998379 
Car -1.0 -1.0 -2.213959 419.206000 182.179000 504.173000 215.981000 -1.000000 -1.000000 -1.000000 -1000.000000 -1000.000000 -1000.000000 -2.421749 0.99980424 
Car -1.0 -1.0 1.749722 758.412000 168.178000 790.443000 189.418000 -1.000000 -1.000000 -1.000000 -1000.000000 -1000.000000 -1000.000000 1.975881 0.99952912 
Car -1.0 -1.0 1.646333 781.481000 165.376000 810.207000 183.404000 -1.000000 -1.000000 -1.000000 -1000.000000 -1000.000000 -1000.000000 1.900191 0.93887722 
Car -1.0 -1.0 0.805659 518.324000 177.747000 576.412000 203.162000 -1.000000 -1.000000 -1.000000 -1000.000000 -1000.000000 -1000.000000 0.715215 0.89853336 
Car -1.0 -1.0 2.355110 264.068000 199.299000 323.708000 224.112000 -1.000000 -1.000000 -1.000000 -1000.000000 -1000.000000 -1000.000000 1.938510 0.47744945 
Car -1.0 -1.0 -1.047450 912.455000 164.139000 957.742000 183.360000 -1.000000 -1.000000 -1.000000 -1000.000000 -1000.000000 -1000.000000 -0.620451 0.76882766 
Car -1.0 -1.0 2.504477 886.330000 161.474000 925.799000 181.013000 -1.000000 -1.000000 -1.000000 -1000.000000 -1000.000000 -1000.000000 2.894899 0.40981621 
Car -1.0 -1.0 2.148427 248.399000 200.029000 306.588000 225.777000 -1.000000 -1.000000 -1.000000 -1000.000000 -1000.000000 -1000.000000 1.723262 0.33958845 
Car -1.0 -1.0 2.929419 891.022000 162.830000 932.465000 181.388000 -1.000000 -1.000000 -1.000000 -1000.000000 -1000.000000 -1000.000000 -2.957540 0.27166358 
Car -1.0 -1.0 -1.076249 1021.660000 159.025000 1110.707000 192.068000 -1.000000 -1.000000 -1.000000 -1000.000000 -1000.000000 -1000.000000 -0.506750 0.27142774 
Car -1.0 -1.0 -0.849014 948.318000 165.256000 999.136000 187.874000 -1.000000 -1.000000 -1.000000 -1000.000000 -1000.000000 -1000.000000 -0.375812 0.24691769 
Car -1.0 -1.0 2.543182 343.086000 190.808000 405.560000 218.961000 -1.000000 -1.000000 -1.000000 -1000.000000 -1000.000000 -1000.000000 2.228961 0.11632972 
Car -1.0 -1.0 0.601854 462.103000 182.390000 529.297000 210.880000 -1.000000 -1.000000 -1.000000 -1000.000000 -1000.000000 -1000.000000 0.460580 0.15133191 