Car -1.0 -1.0 1.672226 946.187000 162.265000 984.477000 186.860000 -1.000000 -1.000000 -1.000000 -1000.000000 -1000.000000 -1000.000000 2.131897 0.99993227 
Car -1.0 -1.0 -1.782198 0.601000 184.743000 130.223000 283.345000 -1.000000 -1.000000 -1.000000 -1000.000000 -1000.000000 -1000.000000 -2.437290 0.99998587 
Car -1.0 -1.0 1.180626 514.581000 175.639000 601.320000 219.621000 -1.000000 -1.000000 -1.000000 -1000.000000 -1000.000000 -1000.000000 1.111791 0.99990554 
Car -1.0 -1.0 2.251043 229.101000 192.703000 321.423000 231.790000 -1.000000 -1.000000 -1.000000 -1000.000000 -1000.000000 -1000.000000 1.820241 0.99793467 
Car -1.0 -1.0 1.626229 350.100000 188.220000 418.240000 228.553000 -1.000000 -1.000000 -1.000000 -1000.000000 -1000.000000 -1000.000000 1.327013 0.97952133 
Car -1.0 -1.0 2.085472 173.997000 195.244000 272.506000 232.078000 -1.000000 -1.000000 -1.000000 -1000.000000 -1000.000000 -1000.000000 1.590485 0.99932957 
Car -1.0 -1.0 2.326493 437.713000 189.907000 505.880000 221.110000 -1.000000 -1.000000 -1.000000 -1000.000000 -1000.000000 -1000.000000 2.142411 0.99970214 
Car -1.0 -1.0 1.601491 973.644000 159.304000 1005.295000 180.491000 -1.000000 -1.000000 -1.000000 -1000.000000 -1000.000000 -1000.000000 2.087200 0.99726650 
Car -1.0 -1.0 2.811119 1105.363000 156.021000 1170.151000 178.888000 -1.000000 -1.000000 -1.000000 -1000.000000 -1000.000000 -1000.000000 -2.840632 0.99283245 
Car -1.0 -1.0 0.803767 560.949000 177.134000 657.007000 215.022000 -1.000000 -1.000000 -1.000000 -1000.000000 -1000.000000 -1000.000000 0.803166 0.99798900 
Car -1.0 -1.0 0.745965 659.897000 173.250000 728.616000 203.611000 -1.000000 -1.000000 -1.000000 -1000.000000 -1000.000000 -1000.000000 0.868385 0.99395452 
Car -1.0 -1.0 0.727372 616.355000 175.674000 696.142000 208.079000 -1.000000 -1.000000 -1.000000 -1000.000000 -1000.000000 -1000.000000 0.791967 0.49159460 
Car -1.0 -1.0 2.313838 480.067000 185.237000 550.198000 218.528000 -1.000000 -1.000000 -1.000000 -1000.000000 -1000.000000 -1000.000000 2.189661 0.46983202 
Car -1.0 -1.0 2.094215 107.287000 197.343000 208.784000 232.088000 -1.000000 -1.000000 -1.000000 -1000.000000 -1000.000000 -1000.000000 1.547659 0.46727039 
Car -1.0 -1.0 -0.869668 1146.181000 155.507000 1212.427000 180.219000 -1.000000 -1.000000 -1.000000 -1000.000000 -1000.000000 -1000.000000 -0.197541 0.88900203 
Car -1.0 -1.0 2.244377 401.134000 193.483000 463.764000 218.979000 -1.000000 -1.000000 -1.000000 -1000.000000 -1000.000000 -1000.000000 2.005058 0.37472254 
Car -1.0 -1.0 -2.672812 708.504000 171.078000 768.412000 198.973000 -1.000000 -1.000000 -1.000000 -1000.000000 -1000.000000 -1000.000000 -2.497562 0.16376224 