Car -1.0 -1.0 -1.392512 471.158000 173.492000 549.029000 233.435000 -1.000000 -1.000000 -1.000000 -1000.000000 -1000.000000 -1000.000000 -1.523822 0.99999982 
Car -1.0 -1.0 -1.888095 797.460000 190.454000 972.110000 304.656000 -1.000000 -1.000000 -1.000000 -1000.000000 -1000.000000 -1000.000000 -1.537451 0.99999908 
Car -1.0 -1.0 -1.730951 674.392000 176.202000 728.229000 216.480000 -1.000000 -1.000000 -1.000000 -1000.000000 -1000.000000 -1000.000000 -1.604675 0.99999833 
Car -1.0 -1.0 -2.338960 919.278000 198.320000 1236.615000 374.249000 -1.000000 -1.000000 -1.000000 -1000.000000 -1000.000000 -1000.000000 -1.782907 0.99999785 
Car -1.0 -1.0 -1.389526 417.128000 183.041000 519.653000 259.058000 -1.000000 -1.000000 -1.000000 -1000.000000 -1000.000000 -1000.000000 -1.571799 0.99998039 
Car -1.0 -1.0 2.107825 117.996000 174.751000 231.286000 224.257000 -1.000000 -1.000000 -1.000000 -1000.000000 -1000.000000 -1000.000000 1.570677 0.99994335 
Car -1.0 -1.0 -1.845593 739.829000 187.258000 849.145000 256.515000 -1.000000 -1.000000 -1.000000 -1000.000000 -1000.000000 -1000.000000 -1.605524 0.99986824 
Car -1.0 -1.0 -0.061967 0.836000 175.887000 253.263000 374.488000 -1.000000 -1.000000 -1.000000 -1000.000000 -1000.000000 -1000.000000 -0.641478 0.99961299 
Car -1.0 -1.0 2.785975 0.613000 168.626000 137.486000 249.683000 -1.000000 -1.000000 -1.000000 -1000.000000 -1000.000000 -1000.000000 2.145433 0.98963612 
Car -1.0 -1.0 -1.433294 513.360000 182.175000 562.504000 219.577000 -1.000000 -1.000000 -1.000000 -1000.000000 -1000.000000 -1000.000000 -1.527595 0.49336247 
Car -1.0 -1.0 -1.658761 646.110000 180.638000 671.029000 199.405000 -1.000000 -1.000000 -1.000000 -1000.000000 -1000.000000 -1000.000000 -1.587433 0.49335961 