Car -1.0 -1.0 -1.969463 2.243000 180.225000 213.166000 288.999000 -1.000000 -1.000000 -1.000000 -1000.000000 -1000.000000 -1000.000000 -2.585559 0.99999958 
Car -1.0 -1.0 1.143005 338.767000 182.791000 416.574000 220.089000 -1.000000 -1.000000 -1.000000 -1000.000000 -1000.000000 -1000.000000 0.836408 0.99999192 
Car -1.0 -1.0 2.294643 252.946000 195.748000 326.490000 225.678000 -1.000000 -1.000000 -1.000000 -1000.000000 -1000.000000 -1000.000000 1.878145 0.99999559 
Car -1.0 -1.0 -2.283313 382.690000 182.588000 465.680000 216.481000 -1.000000 -1.000000 -1.000000 -1000.000000 -1000.000000 -1000.000000 -2.541039 0.99989747 
Car -1.0 -1.0 0.941756 479.061000 178.655000 532.258000 205.484000 -1.000000 -1.000000 -1.000000 -1000.000000 -1000.000000 -1000.000000 0.799616 0.99858233 
Car -1.0 -1.0 1.786785 712.568000 170.946000 742.327000 190.848000 -1.000000 -1.000000 -1.000000 -1000.000000 -1000.000000 -1000.000000 1.950199 0.99612041 
Car -1.0 -1.0 1.772092 513.546000 178.415000 558.890000 200.863000 -1.000000 -1.000000 -1.000000 -1000.000000 -1000.000000 -1000.000000 1.666246 0.61837683 
Car -1.0 -1.0 0.689468 429.481000 181.626000 490.720000 210.289000 -1.000000 -1.000000 -1.000000 -1000.000000 -1000.000000 -1000.000000 0.493490 0.48654307 
Car -1.0 -1.0 2.659943 908.564000 164.648000 998.637000 193.643000 -1.000000 -1.000000 -1.000000 -1000.000000 -1000.000000 -1000.000000 3.103294 0.94819684 
Car -1.0 -1.0 -0.938531 889.724000 166.870000 938.657000 188.672000 -1.000000 -1.000000 -1.000000 -1000.000000 -1000.000000 -1000.000000 -0.533700 0.42632474 
Car -1.0 -1.0 1.466876 552.429000 175.400000 591.789000 198.326000 -1.000000 -1.000000 -1.000000 -1000.000000 -1000.000000 -1000.000000 1.413628 0.38691907 
Car -1.0 -1.0 1.656499 735.398000 167.726000 760.714000 186.332000 -1.000000 -1.000000 -1.000000 -1000.000000 -1000.000000 -1000.000000 1.848025 0.72594970 
Car -1.0 -1.0 1.289232 172.478000 192.133000 252.423000 232.123000 -1.000000 -1.000000 -1.000000 -1000.000000 -1000.000000 -1000.000000 0.789835 0.38233364 
Car -1.0 -1.0 -1.019774 857.642000 167.176000 898.043000 185.847000 -1.000000 -1.000000 -1.000000 -1000.000000 -1000.000000 -1000.000000 -0.661104 0.30903267 
Car -1.0 -1.0 2.286448 301.425000 190.979000 372.282000 221.435000 -1.000000 -1.000000 -1.000000 -1000.000000 -1000.000000 -1000.000000 1.921786 0.28127614 
Car -1.0 -1.0 2.169351 213.154000 199.516000 280.928000 225.825000 -1.000000 -1.000000 -1.000000 -1000.000000 -1000.000000 -1000.000000 1.701599 0.12545070 