Car -1.0 -1.0 1.714998 985.018000 165.014000 1024.988000 190.638000 -1.000000 -1.000000 -1.000000 -1000.000000 -1000.000000 -1000.000000 2.218102 0.99999800 
Car -1.0 -1.0 -1.728594 1.269000 179.231000 124.195000 276.907000 -1.000000 -1.000000 -1.000000 -1000.000000 -1000.000000 -1000.000000 -2.384042 0.99999613 
Car -1.0 -1.0 1.182525 542.410000 174.194000 627.203000 219.205000 -1.000000 -1.000000 -1.000000 -1000.000000 -1000.000000 -1000.000000 1.149895 0.99995402 
Car -1.0 -1.0 2.154559 264.449000 187.151000 352.152000 226.602000 -1.000000 -1.000000 -1.000000 -1000.000000 -1000.000000 -1000.000000 1.756274 0.99990430 
Car -1.0 -1.0 2.108377 197.602000 189.948000 297.176000 227.524000 -1.000000 -1.000000 -1.000000 -1000.000000 -1000.000000 -1000.000000 1.641872 0.99942993 
Car -1.0 -1.0 1.613530 1011.986000 163.074000 1046.546000 184.225000 -1.000000 -1.000000 -1.000000 -1000.000000 -1000.000000 -1000.000000 2.141175 0.99690746 
Car -1.0 -1.0 1.606939 377.643000 186.172000 443.577000 226.030000 -1.000000 -1.000000 -1.000000 -1000.000000 -1000.000000 -1000.000000 1.338799 0.87794925 
Car -1.0 -1.0 2.320862 462.494000 188.348000 531.773000 219.397000 -1.000000 -1.000000 -1.000000 -1000.000000 -1000.000000 -1000.000000 2.171228 0.99851963 
Car -1.0 -1.0 0.647843 636.989000 175.772000 717.475000 209.550000 -1.000000 -1.000000 -1.000000 -1000.000000 -1000.000000 -1000.000000 0.752700 0.49850035 
Car -1.0 -1.0 0.802290 590.496000 175.339000 687.486000 213.457000 -1.000000 -1.000000 -1.000000 -1000.000000 -1000.000000 -1000.000000 0.840823 0.99738391 
Car -1.0 -1.0 0.670807 684.957000 171.937000 761.278000 205.895000 -1.000000 -1.000000 -1.000000 -1000.000000 -1000.000000 -1000.000000 0.834288 0.99749997 
Car -1.0 -1.0 -2.508403 733.001000 170.246000 800.131000 199.936000 -1.000000 -1.000000 -1.000000 -1000.000000 -1000.000000 -1000.000000 -2.292773 0.49323297 
Car -1.0 -1.0 2.331764 95.403000 190.201000 193.431000 226.504000 -1.000000 -1.000000 -1.000000 -1000.000000 -1000.000000 -1000.000000 1.770007 0.91749875 
Car -1.0 -1.0 -1.867071 1195.579000 159.785000 1242.000000 186.517000 -1.000000 -1.000000 -1.000000 -1000.000000 -1000.000000 -1000.000000 -1.163412 0.49131247 
Car -1.0 -1.0 2.811665 1153.241000 159.670000 1226.556000 183.728000 -1.000000 -1.000000 -1.000000 -1000.000000 -1000.000000 -1000.000000 -2.796136 0.96973355 
Car -1.0 -1.0 2.153229 142.443000 190.950000 240.530000 226.988000 -1.000000 -1.000000 -1.000000 -1000.000000 -1000.000000 -1000.000000 1.636685 0.48523055 
Car -1.0 -1.0 2.281431 423.042000 190.818000 485.470000 218.278000 -1.000000 -1.000000 -1.000000 -1000.000000 -1000.000000 -1000.000000 2.074282 0.37522410 