Car -1.0 -1.0 -1.392807 463.917000 160.830000 553.077000 232.259000 -1.000000 -1.000000 -1.000000 -1000.000000 -1000.000000 -1000.000000 -1.530860 0.99999940 
Car -1.0 -1.0 -1.202445 136.030000 177.123000 452.274000 370.901000 -1.000000 -1.000000 -1.000000 -1000.000000 -1000.000000 -1000.000000 -1.570210 0.99999961 
Car -1.0 -1.0 -1.844828 768.469000 180.180000 897.662000 266.765000 -1.000000 -1.000000 -1.000000 -1000.000000 -1000.000000 -1000.000000 -1.553733 0.99999899 
Car -1.0 -1.0 -1.797613 731.298000 180.951000 828.920000 242.390000 -1.000000 -1.000000 -1.000000 -1000.000000 -1000.000000 -1000.000000 -1.572800 0.99999037 
Car -1.0 -1.0 -1.403947 381.565000 162.941000 517.037000 265.419000 -1.000000 -1.000000 -1.000000 -1000.000000 -1000.000000 -1000.000000 -1.608352 0.99997103 
Car -1.0 -1.0 -1.717651 663.326000 170.308000 698.901000 197.322000 -1.000000 -1.000000 -1.000000 -1000.000000 -1000.000000 -1000.000000 -1.618706 0.99989918 
Car -1.0 -1.0 -1.730949 687.116000 177.508000 748.111000 215.446000 -1.000000 -1.000000 -1.000000 -1000.000000 -1000.000000 -1000.000000 -1.587406 0.49962923 
Car -1.0 -1.0 2.130266 126.342000 181.468000 249.574000 229.468000 -1.000000 -1.000000 -1.000000 -1000.000000 -1000.000000 -1000.000000 1.606481 0.99777305 
Car -1.0 -1.0 -1.697945 500.599000 168.659000 565.167000 218.873000 -1.000000 -1.000000 -1.000000 -1000.000000 -1000.000000 -1000.000000 -1.803861 0.49676158 
Car -1.0 -1.0 -1.475771 509.751000 172.974000 564.934000 215.903000 -1.000000 -1.000000 -1.000000 -1000.000000 -1000.000000 -1000.000000 -1.564208 0.49241310 
Car -1.0 -1.0 -1.743956 690.605000 177.146000 760.242000 218.422000 -1.000000 -1.000000 -1.000000 -1000.000000 -1000.000000 -1000.000000 -1.599044 0.48752946 