Car -1.0 -1.0 2.091727 609.903000 177.644000 723.664000 231.162000 -1.000000 -1.000000 -1.000000 -1000.000000 -1000.000000 -1000.000000 2.168662 0.99999937 
Car -1.0 -1.0 0.975627 1013.156000 156.446000 1217.567000 235.793000 -1.000000 -1.000000 -1.000000 -1000.000000 -1000.000000 -1000.000000 1.580613 0.99999812 
Car -1.0 -1.0 1.473667 762.502000 176.123000 851.457000 238.869000 -1.000000 -1.000000 -1.000000 -1000.000000 -1000.000000 -1000.000000 1.743982 0.99993196 
Car -1.0 -1.0 -1.647000 207.410000 180.205000 291.886000 244.015000 -1.000000 -1.000000 -1.000000 -1000.000000 -1000.000000 -1000.000000 -2.111505 0.99998796 
Car -1.0 -1.0 2.267964 817.851000 182.016000 916.477000 217.903000 -1.000000 -1.000000 -1.000000 -1000.000000 -1000.000000 -1000.000000 2.606585 0.99996713 
Car -1.0 -1.0 2.104280 564.047000 181.155000 678.852000 225.669000 -1.000000 -1.000000 -1.000000 -1000.000000 -1000.000000 -1000.000000 2.107528 0.99983883 
Car -1.0 -1.0 2.260533 872.420000 179.802000 980.078000 219.217000 -1.000000 -1.000000 -1.000000 -1000.000000 -1000.000000 -1000.000000 2.670171 0.99977693 
Car -1.0 -1.0 -1.148903 1.029000 199.730000 160.890000 328.991000 -1.000000 -1.000000 -1.000000 -1000.000000 -1000.000000 -1000.000000 -1.771838 0.99972534 
Car -1.0 -1.0 2.138353 728.269000 182.467000 799.156000 213.238000 -1.000000 -1.000000 -1.000000 -1000.000000 -1000.000000 -1000.000000 2.349595 0.99846004 
Car -1.0 -1.0 3.039501 1098.041000 156.828000 1242.000000 223.117000 -1.000000 -1.000000 -1.000000 -1000.000000 -1000.000000 -1000.000000 -2.581004 0.95204526 
Car -1.0 -1.0 2.262783 931.664000 177.839000 1032.176000 216.977000 -1.000000 -1.000000 -1.000000 -1000.000000 -1000.000000 -1000.000000 2.743079 0.98467481 
Car -1.0 -1.0 2.220711 488.491000 181.808000 592.026000 219.387000 -1.000000 -1.000000 -1.000000 -1000.000000 -1000.000000 -1000.000000 2.113380 0.98069960 
Car -1.0 -1.0 -1.630332 290.338000 181.177000 317.709000 203.120000 -1.000000 -1.000000 -1.000000 -1000.000000 -1000.000000 -1000.000000 -2.029411 0.22098632 