Car -1.0 -1.0 1.178191 701.305000 174.863000 807.344000 227.841000 -1.000000 -1.000000 -1.000000 -1000.000000 -1000.000000 -1000.000000 1.377392 0.99999985 
Car -1.0 -1.0 -1.795846 12.367000 188.564000 162.304000 270.168000 -1.000000 -1.000000 -1.000000 -1000.000000 -1000.000000 -1000.000000 -2.426274 0.99999967 
Car -1.0 -1.0 0.723337 754.560000 175.485000 878.037000 221.849000 -1.000000 -1.000000 -1.000000 -1000.000000 -1000.000000 -1000.000000 1.006186 0.99999490 
Car -1.0 -1.0 2.363801 615.384000 191.182000 690.964000 223.663000 -1.000000 -1.000000 -1.000000 -1000.000000 -1000.000000 -1000.000000 2.428813 0.99988809 
Car -1.0 -1.0 -0.365784 881.940000 173.252000 976.453000 210.472000 -1.000000 -1.000000 -1.000000 -1000.000000 -1000.000000 -1000.000000 0.056093 0.99917358 
Car -1.0 -1.0 2.206069 394.692000 190.074000 491.845000 234.136000 -1.000000 -1.000000 -1.000000 -1000.000000 -1000.000000 -1000.000000 1.979038 0.99899936 
Car -1.0 -1.0 2.225024 302.372000 193.249000 401.286000 229.683000 -1.000000 -1.000000 -1.000000 -1000.000000 -1000.000000 -1000.000000 1.887475 0.92243847 
Car -1.0 -1.0 2.168011 349.930000 193.470000 444.459000 232.108000 -1.000000 -1.000000 -1.000000 -1000.000000 -1000.000000 -1000.000000 1.883051 0.99704646 
Car -1.0 -1.0 1.655697 523.488000 188.829000 590.342000 231.479000 -1.000000 -1.000000 -1.000000 -1000.000000 -1000.000000 -1000.000000 1.584721 0.99480690 
Car -1.0 -1.0 -2.404611 925.375000 171.074000 1000.476000 206.021000 -1.000000 -1.000000 -1.000000 -1000.000000 -1000.000000 -1000.000000 -1.953168 0.94141750 
Car -1.0 -1.0 3.111088 145.063000 191.363000 240.540000 224.287000 -1.000000 -1.000000 -1.000000 -1000.000000 -1000.000000 -1000.000000 2.585365 0.98738852 
Car -1.0 -1.0 0.657795 808.294000 175.639000 910.208000 219.799000 -1.000000 -1.000000 -1.000000 -1000.000000 -1000.000000 -1000.000000 1.007959 0.99134636 
Car -1.0 -1.0 2.280615 574.681000 193.123000 645.819000 221.458000 -1.000000 -1.000000 -1.000000 -1000.000000 -1000.000000 -1000.000000 2.284104 0.49641797 
Car -1.0 -1.0 2.482678 215.880000 193.002000 305.328000 228.068000 -1.000000 -1.000000 -1.000000 -1000.000000 -1000.000000 -1000.000000 2.047854 0.96290414 
Car -1.0 -1.0 2.898781 667.150000 186.794000 741.980000 222.282000 -1.000000 -1.000000 -1.000000 -1000.000000 -1000.000000 -1000.000000 3.023376 0.40049919 
Car -1.0 -1.0 2.245986 264.367000 193.564000 348.348000 230.011000 -1.000000 -1.000000 -1.000000 -1000.000000 -1000.000000 -1000.000000 1.858348 0.35619116 