Car -1.0 -1.0 -1.730631 686.715000 172.297000 756.101000 225.070000 -1.000000 -1.000000 -1.000000 -1000.000000 -1000.000000 -1000.000000 -1.578834 0.99999726 
Car -1.0 -1.0 -2.714922 272.717000 188.366000 443.770000 248.608000 -1.000000 -1.000000 -1.000000 -1000.000000 -1000.000000 -1000.000000 -3.042077 0.99999982 
Car -1.0 -1.0 -1.833003 735.794000 156.344000 867.331000 264.520000 -1.000000 -1.000000 -1.000000 -1000.000000 -1000.000000 -1000.000000 -1.583758 0.99999940 
Car -1.0 -1.0 -2.556437 45.803000 205.596000 312.030000 298.982000 -1.000000 -1.000000 -1.000000 -1000.000000 -1000.000000 -1000.000000 -3.078017 0.99999705 
Car -1.0 -1.0 -1.582710 611.455000 170.787000 645.747000 205.698000 -1.000000 -1.000000 -1.000000 -1000.000000 -1000.000000 -1000.000000 -1.554214 0.99999768 
Car -1.0 -1.0 -1.687926 676.985000 172.230000 726.795000 214.049000 -1.000000 -1.000000 -1.000000 -1000.000000 -1000.000000 -1000.000000 -1.559906 0.72752889 
Car -1.0 -1.0 -2.629008 342.304000 187.980000 465.357000 234.944000 -1.000000 -1.000000 -1.000000 -1000.000000 -1000.000000 -1000.000000 -2.897238 0.74890856 
Car -1.0 -1.0 -2.735395 418.999000 183.621000 510.530000 218.702000 -1.000000 -1.000000 -1.000000 -1000.000000 -1000.000000 -1000.000000 -2.920276 0.74751344 
Car -1.0 -1.0 -2.904094 469.075000 177.448000 540.387000 207.040000 -1.000000 -1.000000 -1.000000 -1000.000000 -1000.000000 -1000.000000 -3.041295 0.49932042 
Car -1.0 -1.0 -2.752030 406.002000 186.510000 500.161000 222.059000 -1.000000 -1.000000 -1.000000 -1000.000000 -1000.000000 -1000.000000 -2.968564 0.24929814 
Car -1.0 -1.0 -2.789099 382.153000 186.096000 484.706000 226.866000 -1.000000 -1.000000 -1.000000 -1000.000000 -1000.000000 -1000.000000 -3.011461 0.49709246 
Car -1.0 -1.0 -2.804143 457.147000 181.752000 529.774000 211.050000 -1.000000 -1.000000 -1.000000 -1000.000000 -1000.000000 -1000.000000 -2.966592 0.48186885 
Car -1.0 -1.0 1.956300 846.597000 145.407000 927.790000 191.477000 -1.000000 -1.000000 -1.000000 -1000.000000 -1000.000000 -1000.000000 2.316433 0.21558231 