Car -1.0 -1.0 1.879602 346.690000 181.589000 394.004000 206.287000 -1.000000 -1.000000 -1.000000 -1000.000000 -1000.000000 -1000.000000 1.562438 0.99999660 
Car -1.0 -1.0 1.885750 208.076000 181.289000 305.272000 237.935000 -1.000000 -1.000000 -1.000000 -1000.000000 -1000.000000 -1000.000000 1.434582 0.99999273 
Car -1.0 -1.0 -1.392148 493.440000 172.236000 557.382000 221.160000 -1.000000 -1.000000 -1.000000 -1000.000000 -1000.000000 -1000.000000 -1.503441 0.99977922 
Car -1.0 -1.0 2.167524 120.469000 187.575000 231.123000 233.037000 -1.000000 -1.000000 -1.000000 -1000.000000 -1000.000000 -1000.000000 1.631026 0.99960181 
Car -1.0 -1.0 -1.690709 677.079000 172.132000 724.646000 205.755000 -1.000000 -1.000000 -1.000000 -1000.000000 -1000.000000 -1000.000000 -1.564309 0.99859670 
Car -1.0 -1.0 1.906715 378.843000 178.312000 421.698000 201.371000 -1.000000 -1.000000 -1.000000 -1000.000000 -1000.000000 -1000.000000 1.624947 0.99586678 
Car -1.0 -1.0 -1.458149 515.043000 168.796000 567.309000 209.906000 -1.000000 -1.000000 -1.000000 -1000.000000 -1000.000000 -1000.000000 -1.549953 0.75852491 
Car -1.0 -1.0 1.819962 407.495000 178.813000 441.569000 197.673000 -1.000000 -1.000000 -1.000000 -1000.000000 -1000.000000 -1000.000000 1.570696 0.60689217 
Car -1.0 -1.0 1.769978 427.962000 177.098000 456.818000 194.353000 -1.000000 -1.000000 -1.000000 -1000.000000 -1000.000000 -1000.000000 1.541362 0.43790139 
Car -1.0 -1.0 2.115232 1106.791000 164.879000 1241.908000 301.651000 -1.000000 -1.000000 -1.000000 -1000.000000 -1000.000000 -1000.000000 2.762383 0.52125878 
Car -1.0 -1.0 1.772578 444.150000 176.320000 472.580000 192.850000 -1.000000 -1.000000 -1.000000 -1000.000000 -1000.000000 -1000.000000 1.565851 0.22394955 