Car -1.0 -1.0 1.716285 487.055000 178.621000 551.382000 232.816000 -1.000000 -1.000000 -1.000000 -1000.000000 -1000.000000 -1000.000000 1.595861 0.99999779 
Car -1.0 -1.0 -0.330876 694.044000 168.435000 838.965000 232.861000 -1.000000 -1.000000 -1.000000 -1000.000000 -1000.000000 -1000.000000 -0.127629 0.49999869 
Car -1.0 -1.0 2.103449 252.782000 152.079000 476.272000 330.954000 -1.000000 -1.000000 -1.000000 -1000.000000 -1000.000000 -1000.000000 1.793283 0.99997646 
Car -1.0 -1.0 2.126405 21.390000 160.691000 366.060000 373.178000 -1.000000 -1.000000 -1.000000 -1000.000000 -1000.000000 -1000.000000 1.607982 0.99969104 
Car -1.0 -1.0 2.893472 710.051000 166.428000 879.364000 245.313000 -1.000000 -1.000000 -1.000000 -1000.000000 -1000.000000 -1000.000000 3.131801 0.49984051 
Car -1.0 -1.0 2.801562 754.156000 170.096000 1040.350000 289.851000 -1.000000 -1.000000 -1.000000 -1000.000000 -1000.000000 -1000.000000 -3.111504 0.99778309 
Car -1.0 -1.0 1.690316 527.283000 176.656000 572.551000 215.200000 -1.000000 -1.000000 -1.000000 -1000.000000 -1000.000000 -1000.000000 1.613772 0.99443373 
Car -1.0 -1.0 3.054074 722.528000 171.333000 900.446000 250.523000 -1.000000 -1.000000 -1.000000 -1000.000000 -1000.000000 -1000.000000 -2.983988 0.48844200 
Car -1.0 -1.0 -0.356331 691.066000 169.681000 816.587000 227.414000 -1.000000 -1.000000 -1.000000 -1000.000000 -1000.000000 -1000.000000 -0.149508 0.48750980 
Car -1.0 -1.0 2.757085 665.600000 173.953000 758.610000 210.320000 -1.000000 -1.000000 -1.000000 -1000.000000 -1000.000000 -1000.000000 2.909453 0.47551222 
Car -1.0 -1.0 2.560288 658.143000 175.815000 749.659000 207.546000 -1.000000 -1.000000 -1.000000 -1000.000000 -1000.000000 -1000.000000 2.703356 0.45389840 