Car -1.0 -1.0 1.881916 250.046000 186.618000 401.923000 274.093000 -1.000000 -1.000000 -1.000000 -1000.000000 -1000.000000 -1000.000000 1.517705 0.99999985 
Car -1.0 -1.0 -0.296362 692.738000 167.292000 893.761000 245.453000 -1.000000 -1.000000 -1.000000 -1000.000000 -1000.000000 -1000.000000 -0.056889 0.99999830 
Car -1.0 -1.0 -0.456158 950.567000 169.763000 1239.562000 365.021000 -1.000000 -1.000000 -1.000000 -1000.000000 -1000.000000 -1000.000000 0.149720 0.99937649 
Car -1.0 -1.0 1.782675 397.138000 183.026000 462.863000 227.866000 -1.000000 -1.000000 -1.000000 -1000.000000 -1000.000000 -1000.000000 1.542495 0.99999052 
Car -1.0 -1.0 -0.591150 815.676000 163.967000 1142.178000 311.206000 -1.000000 -1.000000 -1.000000 -1000.000000 -1000.000000 -1000.000000 -0.118487 0.99998027 
Car -1.0 -1.0 -0.258896 656.455000 172.477000 741.778000 208.855000 -1.000000 -1.000000 -1.000000 -1000.000000 -1000.000000 -1000.000000 -0.128746 0.99626462 
Car -1.0 -1.0 -0.517272 778.169000 171.505000 1003.514000 267.516000 -1.000000 -1.000000 -1.000000 -1000.000000 -1000.000000 -1000.000000 -0.139230 0.99715394 
Car -1.0 -1.0 -1.280352 683.541000 168.663000 804.626000 226.022000 -1.000000 -1.000000 -1.000000 -1000.000000 -1000.000000 -1000.000000 -1.096264 0.49819276 
Car -1.0 -1.0 2.255573 1.454000 208.221000 116.245000 374.918000 -1.000000 -1.000000 -1.000000 -1000.000000 -1000.000000 -1000.000000 1.605218 0.99583378 
Car -1.0 -1.0 1.675481 472.137000 179.542000 509.245000 205.521000 -1.000000 -1.000000 -1.000000 -1000.000000 -1000.000000 -1000.000000 1.515686 0.49508725 
Car -1.0 -1.0 0.128154 1076.791000 213.185000 1237.151000 371.356000 -1.000000 -1.000000 -1.000000 -1000.000000 -1000.000000 -1000.000000 0.776331 0.49411556 