Car -1.0 -1.0 1.885233 306.263000 186.359000 424.091000 261.539000 -1.000000 -1.000000 -1.000000 -1000.000000 -1000.000000 -1000.000000 1.572504 0.99997926 
Car -1.0 -1.0 0.572917 1.930000 200.892000 237.396000 372.865000 -1.000000 -1.000000 -1.000000 -1000.000000 -1000.000000 -1000.000000 -0.024914 0.99999586 
Car -1.0 -1.0 1.785714 463.299000 180.211000 512.573000 216.175000 -1.000000 -1.000000 -1.000000 -1000.000000 -1000.000000 -1000.000000 1.625171 0.99999127 
Car -1.0 -1.0 -0.287233 709.143000 172.878000 820.097000 223.385000 -1.000000 -1.000000 -1.000000 -1000.000000 -1000.000000 -1000.000000 -0.073847 0.99997196 
Car -1.0 -1.0 -0.590377 739.868000 174.733000 871.375000 231.858000 -1.000000 -1.000000 -1.000000 -1000.000000 -1000.000000 -1000.000000 -0.333120 0.99998605 
Car -1.0 -1.0 -0.494287 802.180000 182.180000 1238.569000 350.497000 -1.000000 -1.000000 -1.000000 -1000.000000 -1000.000000 -1000.000000 0.027131 0.99998584 
Car -1.0 -1.0 1.871843 399.726000 183.922000 478.028000 237.452000 -1.000000 -1.000000 -1.000000 -1000.000000 -1000.000000 -1000.000000 1.646072 0.99977934 
Car -1.0 -1.0 -0.471676 820.042000 156.522000 1142.106000 260.377000 -1.000000 -1.000000 -1.000000 -1000.000000 -1000.000000 -1000.000000 -0.029727 0.24984556 
Car -1.0 -1.0 -0.629383 799.506000 160.420000 1093.142000 276.947000 -1.000000 -1.000000 -1.000000 -1000.000000 -1000.000000 -1000.000000 -0.218041 0.74059255 
Car -1.0 -1.0 0.272326 894.536000 152.853000 1155.450000 245.476000 -1.000000 -1.000000 -1.000000 -1000.000000 -1000.000000 -1000.000000 0.800816 0.49648324 
Car -1.0 -1.0 -0.101082 865.559000 153.154000 1183.481000 254.339000 -1.000000 -1.000000 -1.000000 -1000.000000 -1000.000000 -1000.000000 0.425465 0.24821007 