Car -1.0 -1.0 -1.982960 755.485000 172.538000 997.584000 329.040000 -1.000000 -1.000000 -1.000000 -1000.000000 -1000.000000 -1000.000000 -1.650946 0.99999994 
Car -1.0 -1.0 -1.793873 684.400000 169.648000 785.490000 243.412000 -1.000000 -1.000000 -1.000000 -1000.000000 -1000.000000 -1000.000000 -1.626275 0.99999988 
Car -1.0 -1.0 -1.730989 645.375000 172.210000 704.455000 215.606000 -1.000000 -1.000000 -1.000000 -1000.000000 -1000.000000 -1000.000000 -1.640853 0.99999961 
Car -1.0 -1.0 2.029271 220.987000 192.287000 290.411000 222.399000 -1.000000 -1.000000 -1.000000 -1000.000000 -1000.000000 -1000.000000 1.576130 0.99999845 
Car -1.0 -1.0 1.962202 283.644000 188.207000 336.172000 213.939000 -1.000000 -1.000000 -1.000000 -1000.000000 -1000.000000 -1000.000000 1.570381 0.99998403 
Car -1.0 -1.0 -1.708590 632.372000 174.978000 679.533000 209.654000 -1.000000 -1.000000 -1.000000 -1000.000000 -1000.000000 -1000.000000 -1.643689 0.99815322 
Car -1.0 -1.0 2.153684 132.589000 196.789000 230.097000 236.003000 -1.000000 -1.000000 -1.000000 -1000.000000 -1000.000000 -1000.000000 1.622024 0.99998847 
Car -1.0 -1.0 0.704251 986.608000 199.384000 1238.568000 373.557000 -1.000000 -1.000000 -1.000000 -1000.000000 -1000.000000 -1000.000000 1.303220 0.99993014 
Car -1.0 -1.0 1.940528 333.017000 186.166000 376.961000 207.538000 -1.000000 -1.000000 -1.000000 -1000.000000 -1000.000000 -1000.000000 1.603990 0.99990335 
Car -1.0 -1.0 2.334548 8.957000 201.642000 122.419000 254.758000 -1.000000 -1.000000 -1.000000 -1000.000000 -1000.000000 -1000.000000 1.690156 0.99617501 
Car -1.0 -1.0 1.684302 380.694000 176.212000 417.598000 205.325000 -1.000000 -1.000000 -1.000000 -1000.000000 -1000.000000 -1000.000000 1.400766 0.99937190 