Car -1.0 -1.0 -1.678127 677.310000 181.002000 746.328000 234.310000 -1.000000 -1.000000 -1.000000 -1000.000000 -1000.000000 -1000.000000 -1.539816 0.99999955 
Car -1.0 -1.0 -1.969514 752.863000 178.339000 966.854000 312.881000 -1.000000 -1.000000 -1.000000 -1000.000000 -1000.000000 -1000.000000 -1.658372 0.99999860 
Car -1.0 -1.0 1.911551 350.785000 173.462000 427.216000 217.717000 -1.000000 -1.000000 -1.000000 -1000.000000 -1000.000000 -1000.000000 1.618302 0.99999860 
Car -1.0 -1.0 2.119720 46.492000 176.493000 255.651000 265.459000 -1.000000 -1.000000 -1.000000 -1000.000000 -1000.000000 -1000.000000 1.567694 0.99999744 
Car -1.0 -1.0 -1.792302 690.075000 185.354000 798.732000 257.169000 -1.000000 -1.000000 -1.000000 -1000.000000 -1000.000000 -1000.000000 -1.612904 0.99998948 
Car -1.0 -1.0 1.767190 435.444000 177.768000 484.682000 207.030000 -1.000000 -1.000000 -1.000000 -1000.000000 -1000.000000 -1000.000000 1.567596 0.99993122 
Car -1.0 -1.0 -1.704706 656.324000 180.244000 710.805000 221.776000 -1.000000 -1.000000 -1.000000 -1000.000000 -1000.000000 -1000.000000 -1.600180 0.99978599 
Car -1.0 -1.0 1.897720 404.910000 179.139000 466.168000 212.030000 -1.000000 -1.000000 -1.000000 -1000.000000 -1000.000000 -1000.000000 1.667378 0.99990660 
Car -1.0 -1.0 1.512031 1.929000 180.487000 116.710000 293.868000 -1.000000 -1.000000 -1.000000 -1000.000000 -1000.000000 -1000.000000 0.855109 0.99927004 
Car -1.0 -1.0 -1.612327 647.429000 177.009000 684.696000 209.111000 -1.000000 -1.000000 -1.000000 -1000.000000 -1000.000000 -1000.000000 -1.534349 0.48930733 
Car -1.0 -1.0 -1.563430 647.645000 179.366000 692.260000 214.584000 -1.000000 -1.000000 -1.000000 -1000.000000 -1000.000000 -1000.000000 -1.479007 0.48864233 