Car -1.0 -1.0 -1.761732 728.342000 172.230000 809.066000 233.139000 -1.000000 -1.000000 -1.000000 -1000.000000 -1000.000000 -1000.000000 -1.547929 0.99999502 
Car -1.0 -1.0 -1.451562 456.552000 161.122000 543.502000 230.929000 -1.000000 -1.000000 -1.000000 -1000.000000 -1000.000000 -1000.000000 -1.598464 0.99999291 
Car -1.0 -1.0 -1.327106 365.304000 173.384000 516.701000 275.314000 -1.000000 -1.000000 -1.000000 -1000.000000 -1000.000000 -1000.000000 -1.545316 0.99999636 
Car -1.0 -1.0 2.014385 227.829000 178.934000 308.900000 215.821000 -1.000000 -1.000000 -1.000000 -1000.000000 -1000.000000 -1000.000000 1.574951 0.99999550 
Car -1.0 -1.0 -1.489354 495.417000 159.367000 565.281000 214.841000 -1.000000 -1.000000 -1.000000 -1000.000000 -1000.000000 -1000.000000 -1.595046 0.99998865 
Car -1.0 -1.0 1.986042 291.327000 175.928000 357.743000 206.783000 -1.000000 -1.000000 -1.000000 -1000.000000 -1000.000000 -1000.000000 1.614391 0.99997333 
Car -1.0 -1.0 1.866302 339.308000 172.847000 393.075000 200.010000 -1.000000 -1.000000 -1.000000 -1000.000000 -1000.000000 -1000.000000 1.542643 0.99744913 
Car -1.0 -1.0 -1.758425 708.262000 172.404000 772.745000 220.063000 -1.000000 -1.000000 -1.000000 -1000.000000 -1000.000000 -1000.000000 -1.582853 0.99739873 
Car -1.0 -1.0 -1.723655 660.750000 165.127000 691.886000 188.718000 -1.000000 -1.000000 -1.000000 -1000.000000 -1000.000000 -1000.000000 -1.631055 0.95271504 
Car -1.0 -1.0 -1.724554 678.314000 171.360000 725.608000 200.494000 -1.000000 -1.000000 -1.000000 -1000.000000 -1000.000000 -1000.000000 -1.600523 0.97041239 
Car -1.0 -1.0 -1.512641 531.853000 167.156000 577.321000 203.011000 -1.000000 -1.000000 -1.000000 -1000.000000 -1000.000000 -1000.000000 -1.579286 0.72919050 
Car -1.0 -1.0 1.802990 367.715000 173.270000 414.915000 197.131000 -1.000000 -1.000000 -1.000000 -1000.000000 -1000.000000 -1000.000000 1.510310 0.26249958 