Car -1.0 -1.0 -1.994056 811.279000 183.449000 1133.977000 364.755000 -1.000000 -1.000000 -1.000000 -1000.000000 -1000.000000 -1000.000000 -1.574157 0.99999833 
Car -1.0 -1.0 -1.708821 717.588000 179.861000 801.230000 243.834000 -1.000000 -1.000000 -1.000000 -1000.000000 -1000.000000 -1000.000000 -1.508954 0.99999851 
Car -1.0 -1.0 -1.759576 744.703000 183.687000 866.462000 271.656000 -1.000000 -1.000000 -1.000000 -1000.000000 -1000.000000 -1000.000000 -1.505667 0.99999800 
Car -1.0 -1.0 -1.759826 689.010000 179.646000 751.339000 225.967000 -1.000000 -1.000000 -1.000000 -1000.000000 -1000.000000 -1000.000000 -1.610492 0.99998796 
Car -1.0 -1.0 0.463766 15.531000 167.718000 401.334000 356.624000 -1.000000 -1.000000 -1.000000 -1000.000000 -1000.000000 -1000.000000 -0.054393 0.99995491 
Car -1.0 -1.0 -1.634146 675.882000 180.366000 712.385000 209.012000 -1.000000 -1.000000 -1.000000 -1000.000000 -1000.000000 -1000.000000 -1.516604 0.99936906 
Car -1.0 -1.0 0.650965 156.467000 155.829000 477.909000 299.800000 -1.000000 -1.000000 -1.000000 -1000.000000 -1000.000000 -1000.000000 0.285710 0.49972792 
Car -1.0 -1.0 0.608794 278.874000 173.038000 513.366000 277.000000 -1.000000 -1.000000 -1.000000 -1000.000000 -1000.000000 -1000.000000 0.325253 0.49857727 
Car -1.0 -1.0 0.342518 455.680000 174.551000 574.280000 218.172000 -1.000000 -1.000000 -1.000000 -1000.000000 -1000.000000 -1000.000000 0.217720 0.99685001 
Car -1.0 -1.0 -2.903395 499.700000 175.162000 592.141000 209.628000 -1.000000 -1.000000 -1.000000 -1000.000000 -1000.000000 -1000.000000 -2.980268 0.99469762 
Car -1.0 -1.0 0.529328 984.493000 167.654000 1242.000000 374.879000 -1.000000 -1.000000 -1.000000 -1000.000000 -1000.000000 -1000.000000 1.141195 0.73340946 
Car -1.0 -1.0 0.623380 236.550000 158.378000 499.047000 285.034000 -1.000000 -1.000000 -1.000000 -1000.000000 -1000.000000 -1000.000000 0.324599 0.48711611 