Car -1.0 -1.0 1.959909 255.618000 176.847000 327.962000 210.433000 -1.000000 -1.000000 -1.000000 -1000.000000 -1000.000000 -1000.000000 1.548591 0.99999949 
Car -1.0 -1.0 1.219680 13.813000 200.804000 381.050000 374.626000 -1.000000 -1.000000 -1.000000 -1000.000000 -1000.000000 -1000.000000 0.684685 0.99999988 
Car -1.0 -1.0 -1.353514 458.976000 181.194000 550.291000 249.540000 -1.000000 -1.000000 -1.000000 -1000.000000 -1000.000000 -1000.000000 -1.490947 0.99999937 
Car -1.0 -1.0 -1.349957 311.340000 165.056000 509.322000 305.524000 -1.000000 -1.000000 -1.000000 -1000.000000 -1000.000000 -1000.000000 -1.598659 0.99999478 
Car -1.0 -1.0 -1.803328 717.020000 174.545000 811.246000 239.247000 -1.000000 -1.000000 -1.000000 -1000.000000 -1000.000000 -1000.000000 -1.596789 0.99999759 
Car -1.0 -1.0 2.091743 0.695000 169.920000 131.452000 237.875000 -1.000000 -1.000000 -1.000000 -1000.000000 -1000.000000 -1000.000000 1.441453 0.99999389 
Car -1.0 -1.0 1.045014 928.275000 199.171000 1233.099000 374.259000 -1.000000 -1.000000 -1.000000 -1000.000000 -1000.000000 -1000.000000 1.605114 0.99999472 
Car -1.0 -1.0 -0.259382 931.817000 187.275000 1058.612000 230.264000 -1.000000 -1.000000 -1.000000 -1000.000000 -1000.000000 -1000.000000 0.227085 0.99998504 
Car -1.0 -1.0 2.077079 116.936000 172.771000 247.739000 222.152000 -1.000000 -1.000000 -1.000000 -1000.000000 -1000.000000 -1000.000000 1.549659 0.99994943 
Car -1.0 -1.0 -1.996574 501.445000 175.529000 561.130000 224.758000 -1.000000 -1.000000 -1.000000 -1000.000000 -1000.000000 -1000.000000 -2.088894 0.99987957 
Car -1.0 -1.0 -1.453583 543.271000 175.239000 581.390000 207.307000 -1.000000 -1.000000 -1.000000 -1000.000000 -1000.000000 -1000.000000 -1.514852 0.49892980 
Car -1.0 -1.0 -1.727149 665.966000 181.755000 698.044000 203.380000 -1.000000 -1.000000 -1.000000 -1000.000000 -1000.000000 -1000.000000 -1.626315 0.74760944 