Car -1.0 -1.0 -1.924641 2.540000 181.256000 176.301000 289.108000 -1.000000 -1.000000 -1.000000 -1000.000000 -1000.000000 -1000.000000 -2.561710 0.99999958 
Car -1.0 -1.0 2.338174 317.203000 192.077000 384.819000 222.596000 -1.000000 -1.000000 -1.000000 -1000.000000 -1000.000000 -1000.000000 1.996676 0.99999642 
Car -1.0 -1.0 1.159599 396.673000 178.996000 476.330000 217.874000 -1.000000 -1.000000 -1.000000 -1000.000000 -1000.000000 -1000.000000 0.929392 0.99999180 
Car -1.0 -1.0 2.632842 1007.867000 160.597000 1102.578000 191.424000 -1.000000 -1.000000 -1.000000 -1000.000000 -1000.000000 -1000.000000 -3.102419 0.99965690 
Car -1.0 -1.0 1.738412 785.509000 166.460000 817.644000 187.694000 -1.000000 -1.000000 -1.000000 -1000.000000 -1000.000000 -1000.000000 2.000210 0.99991006 
Car -1.0 -1.0 -2.217195 438.984000 179.763000 526.046000 214.306000 -1.000000 -1.000000 -1.000000 -1000.000000 -1000.000000 -1000.000000 -2.395637 0.99963433 
Car -1.0 -1.0 0.779931 537.078000 175.225000 596.958000 202.767000 -1.000000 -1.000000 -1.000000 -1000.000000 -1000.000000 -1000.000000 0.722784 0.98624501 
Car -1.0 -1.0 2.826759 914.704000 159.581000 964.211000 180.391000 -1.000000 -1.000000 -1.000000 -1000.000000 -1000.000000 -1000.000000 -3.023889 0.97734825 
Car -1.0 -1.0 1.647982 809.551000 163.308000 837.757000 182.783000 -1.000000 -1.000000 -1.000000 -1000.000000 -1000.000000 -1000.000000 1.938814 0.96578413 
Car -1.0 -1.0 2.236012 277.175000 196.225000 344.059000 221.919000 -1.000000 -1.000000 -1.000000 -1000.000000 -1000.000000 -1000.000000 1.844940 0.75479943 
Car -1.0 -1.0 1.981679 576.963000 174.758000 626.210000 197.671000 -1.000000 -1.000000 -1.000000 -1000.000000 -1000.000000 -1000.000000 1.969268 0.82711734 
Car -1.0 -1.0 2.316898 361.270000 190.557000 422.946000 218.657000 -1.000000 -1.000000 -1.000000 -1000.000000 -1000.000000 -1000.000000 2.027261 0.39501880 
Car -1.0 -1.0 -1.169330 1067.778000 156.540000 1162.378000 191.402000 -1.000000 -1.000000 -1.000000 -1000.000000 -1000.000000 -1000.000000 -0.556999 0.66650461 
Car -1.0 -1.0 -1.573441 944.718000 161.112000 989.602000 181.328000 -1.000000 -1.000000 -1.000000 -1000.000000 -1000.000000 -1000.000000 -1.109541 0.30348288 
Car -1.0 -1.0 0.607646 477.011000 177.687000 551.065000 208.716000 -1.000000 -1.000000 -1.000000 -1000.000000 -1000.000000 -1000.000000 0.493078 0.24660198 