Car -1.0 -1.0 -1.751429 69.133000 181.780000 195.192000 256.860000 -1.000000 -1.000000 -1.000000 -1000.000000 -1000.000000 -1000.000000 -2.339436 0.99999979 
Car -1.0 -1.0 1.093461 779.819000 166.546000 899.607000 226.341000 -1.000000 -1.000000 -1.000000 -1000.000000 -1000.000000 -1000.000000 1.403555 0.99999964 
Car -1.0 -1.0 2.309516 685.897000 184.728000 767.711000 219.730000 -1.000000 -1.000000 -1.000000 -1000.000000 -1000.000000 -1000.000000 2.472098 0.99997839 
Car -1.0 -1.0 2.211034 459.875000 183.453000 560.176000 228.613000 -1.000000 -1.000000 -1.000000 -1000.000000 -1000.000000 -1000.000000 2.069786 0.99993774 
Car -1.0 -1.0 -2.646321 838.704000 168.264000 982.176000 217.088000 -1.000000 -1.000000 -1.000000 -1000.000000 -1000.000000 -1000.000000 -2.265751 0.99991292 
Car -1.0 -1.0 0.698693 909.604000 168.148000 1050.270000 213.951000 -1.000000 -1.000000 -1.000000 -1000.000000 -1000.000000 -1000.000000 1.165099 0.99878776 
Car -1.0 -1.0 1.583746 587.262000 180.670000 660.575000 230.219000 -1.000000 -1.000000 -1.000000 -1000.000000 -1000.000000 -1000.000000 1.606596 0.99687621 
Car -1.0 -1.0 2.280347 374.643000 187.134000 475.077000 223.547000 -1.000000 -1.000000 -1.000000 -1000.000000 -1000.000000 -1000.000000 2.025025 0.98875332 
Car -1.0 -1.0 2.305061 640.905000 185.921000 718.880000 218.407000 -1.000000 -1.000000 -1.000000 -1000.000000 -1000.000000 -1000.000000 2.403567 0.99123049 
Car -1.0 -1.0 2.142904 417.496000 186.378000 514.409000 225.266000 -1.000000 -1.000000 -1.000000 -1000.000000 -1000.000000 -1000.000000 1.941159 0.98747115 
Car -1.0 -1.0 0.094958 968.357000 165.173000 1090.881000 207.643000 -1.000000 -1.000000 -1.000000 -1000.000000 -1000.000000 -1000.000000 0.624236 0.96325554 
Car -1.0 -1.0 2.974359 213.893000 183.831000 308.107000 214.448000 -1.000000 -1.000000 -1.000000 -1000.000000 -1000.000000 -1000.000000 2.526406 0.89515387 
Car -1.0 -1.0 2.156999 313.439000 186.882000 414.087000 223.321000 -1.000000 -1.000000 -1.000000 -1000.000000 -1000.000000 -1000.000000 1.849937 0.48402025 
Car -1.0 -1.0 2.287576 294.599000 187.601000 369.970000 221.120000 -1.000000 -1.000000 -1.000000 -1000.000000 -1000.000000 -1000.000000 1.925739 0.48163338 
Car -1.0 -1.0 -2.448324 1023.838000 164.378000 1122.913000 201.959000 -1.000000 -1.000000 -1.000000 -1000.000000 -1000.000000 -1000.000000 -1.884075 0.75050859 
Car -1.0 -1.0 -2.153734 744.565000 180.078000 826.715000 218.390000 -1.000000 -1.000000 -1.000000 -1000.000000 -1000.000000 -1000.000000 -1.921018 0.35162601 
Car -1.0 -1.0 2.135842 573.672000 184.494000 642.105000 218.734000 -1.000000 -1.000000 -1.000000 -1000.000000 -1000.000000 -1000.000000 2.123492 0.15402474 