Car -1.0 -1.0 2.009960 256.966000 182.963000 328.317000 215.200000 -1.000000 -1.000000 -1.000000 -1000.000000 -1000.000000 -1000.000000 1.598941 0.99999985 
Car -1.0 -1.0 1.974160 312.945000 178.736000 371.809000 208.193000 -1.000000 -1.000000 -1.000000 -1000.000000 -1000.000000 -1000.000000 1.622651 0.99999931 
Car -1.0 -1.0 -1.308818 408.094000 176.063000 527.320000 263.931000 -1.000000 -1.000000 -1.000000 -1000.000000 -1000.000000 -1000.000000 -1.494798 0.99999598 
Car -1.0 -1.0 -1.449167 469.785000 166.387000 550.894000 231.754000 -1.000000 -1.000000 -1.000000 -1000.000000 -1000.000000 -1000.000000 -1.580665 0.99999464 
Car -1.0 -1.0 -1.462576 505.803000 166.329000 570.195000 217.522000 -1.000000 -1.000000 -1.000000 -1000.000000 -1000.000000 -1000.000000 -1.559099 0.99998868 
Car -1.0 -1.0 -1.732571 716.004000 179.360000 788.237000 232.193000 -1.000000 -1.000000 -1.000000 -1000.000000 -1000.000000 -1000.000000 -1.538540 0.99998584 
Car -1.0 -1.0 1.861885 356.123000 178.253000 403.115000 202.662000 -1.000000 -1.000000 -1.000000 -1000.000000 -1000.000000 -1000.000000 1.555017 0.99989313 
Car -1.0 -1.0 -1.678335 659.310000 171.366000 687.999000 193.782000 -1.000000 -1.000000 -1.000000 -1000.000000 -1000.000000 -1000.000000 -1.588457 0.93557258 
Car -1.0 -1.0 -1.701062 700.471000 180.008000 756.494000 221.433000 -1.000000 -1.000000 -1.000000 -1000.000000 -1000.000000 -1000.000000 -1.538529 0.49242833 
Car -1.0 -1.0 1.795431 383.407000 177.182000 424.273000 199.600000 -1.000000 -1.000000 -1.000000 -1000.000000 -1000.000000 -1000.000000 1.519482 0.95621407 
Car -1.0 -1.0 -1.689733 676.440000 177.818000 717.758000 206.991000 -1.000000 -1.000000 -1.000000 -1000.000000 -1000.000000 -1000.000000 -1.572247 0.80698670 
Car -1.0 -1.0 1.780963 407.293000 175.199000 447.954000 198.513000 -1.000000 -1.000000 -1.000000 -1000.000000 -1000.000000 -1000.000000 1.534571 0.14737181 
Car -1.0 -1.0 -1.478339 541.349000 173.176000 583.370000 205.563000 -1.000000 -1.000000 -1.000000 -1000.000000 -1000.000000 -1000.000000 -1.537716 0.48498644 
Car -1.0 -1.0 1.961911 562.008000 172.371000 590.460000 196.276000 -1.000000 -1.000000 -1.000000 -1000.000000 -1000.000000 -1000.000000 1.917742 0.23863637 