Car -1.0 -1.0 1.145709 740.063000 172.382000 852.295000 228.440000 -1.000000 -1.000000 -1.000000 -1000.000000 -1000.000000 -1000.000000 1.400604 0.99999997 
Car -1.0 -1.0 -1.763267 40.407000 183.385000 177.519000 262.690000 -1.000000 -1.000000 -1.000000 -1000.000000 -1000.000000 -1000.000000 -2.372339 0.99999997 
Car -1.0 -1.0 -2.795497 797.413000 173.424000 929.581000 220.718000 -1.000000 -1.000000 -1.000000 -1000.000000 -1000.000000 -1000.000000 -2.466064 0.99998534 
Car -1.0 -1.0 2.198354 426.983000 187.052000 527.929000 232.096000 -1.000000 -1.000000 -1.000000 -1000.000000 -1000.000000 -1000.000000 2.017322 0.99908371 
Car -1.0 -1.0 2.403608 652.528000 188.806000 730.901000 221.785000 -1.000000 -1.000000 -1.000000 -1000.000000 -1000.000000 -1000.000000 2.517717 0.99992773 
Car -1.0 -1.0 1.629376 556.924000 185.285000 625.129000 231.924000 -1.000000 -1.000000 -1.000000 -1000.000000 -1000.000000 -1000.000000 1.605563 0.99749783 
Car -1.0 -1.0 2.959406 178.660000 186.017000 272.235000 218.507000 -1.000000 -1.000000 -1.000000 -1000.000000 -1000.000000 -1000.000000 2.473163 0.82021043 
Car -1.0 -1.0 0.738185 864.125000 171.862000 983.310000 216.021000 -1.000000 -1.000000 -1.000000 -1000.000000 -1000.000000 -1000.000000 1.145834 0.97912034 
Car -1.0 -1.0 -2.419622 963.996000 170.121000 1055.272000 207.501000 -1.000000 -1.000000 -1.000000 -1000.000000 -1000.000000 -1000.000000 -1.913515 0.98974586 
Car -1.0 -1.0 2.344294 257.117000 190.424000 348.880000 224.837000 -1.000000 -1.000000 -1.000000 -1000.000000 -1000.000000 -1000.000000 1.950972 0.97581178 
Car -1.0 -1.0 2.269374 607.900000 190.496000 685.500000 221.470000 -1.000000 -1.000000 -1.000000 -1000.000000 -1000.000000 -1000.000000 2.320486 0.94053738 
Car -1.0 -1.0 0.489269 922.581000 173.047000 1023.128000 212.098000 -1.000000 -1.000000 -1.000000 -1000.000000 -1000.000000 -1000.000000 0.962900 0.95753706 
Car -1.0 -1.0 2.162541 381.874000 189.584000 479.836000 228.573000 -1.000000 -1.000000 -1.000000 -1000.000000 -1000.000000 -1000.000000 1.920606 0.93079108 
Car -1.0 -1.0 2.260268 342.626000 190.179000 440.600000 226.168000 -1.000000 -1.000000 -1.000000 -1000.000000 -1000.000000 -1000.000000 1.963313 0.90164936 
Car -1.0 -1.0 3.105958 705.950000 184.048000 781.334000 219.303000 -1.000000 -1.000000 -1.000000 -1000.000000 -1000.000000 -1000.000000 -3.000459 0.78231293 
Car -1.0 -1.0 2.210193 293.439000 187.994000 400.951000 226.452000 -1.000000 -1.000000 -1.000000 -1000.000000 -1000.000000 -1000.000000 1.867770 0.75951809 
Car -1.0 -1.0 2.301192 530.672000 191.299000 592.647000 218.546000 -1.000000 -1.000000 -1.000000 -1000.000000 -1000.000000 -1000.000000 2.230866 0.36931276 