Car -1.0 -1.0 1.888818 329.619000 187.790000 373.206000 213.174000 -1.000000 -1.000000 -1.000000 -1000.000000 -1000.000000 -1000.000000 1.546922 0.99999964 
Car -1.0 -1.0 -1.738564 687.132000 188.524000 768.221000 248.788000 -1.000000 -1.000000 -1.000000 -1000.000000 -1000.000000 -1000.000000 -1.577373 0.99999771 
Car -1.0 -1.0 -1.774401 711.863000 190.790000 836.053000 275.614000 -1.000000 -1.000000 -1.000000 -1000.000000 -1000.000000 -1000.000000 -1.556987 0.99999738 
Car -1.0 -1.0 -1.714492 667.746000 187.698000 725.898000 230.517000 -1.000000 -1.000000 -1.000000 -1000.000000 -1000.000000 -1000.000000 -1.596420 0.99999699 
Car -1.0 -1.0 2.139357 170.098000 191.999000 255.198000 231.796000 -1.000000 -1.000000 -1.000000 -1000.000000 -1000.000000 -1000.000000 1.636929 0.99999669 
Car -1.0 -1.0 2.041854 237.558000 190.463000 299.949000 223.927000 -1.000000 -1.000000 -1.000000 -1000.000000 -1000.000000 -1000.000000 1.601259 0.99999157 
Car -1.0 -1.0 1.914554 285.787000 188.984000 332.248000 217.099000 -1.000000 -1.000000 -1.000000 -1000.000000 -1000.000000 -1000.000000 1.519075 0.99930982 
Car -1.0 -1.0 2.085202 68.381000 192.785000 178.709000 243.869000 -1.000000 -1.000000 -1.000000 -1000.000000 -1000.000000 -1000.000000 1.500534 0.99996898 
Car -1.0 -1.0 0.545339 0.111000 198.467000 89.428000 255.868000 -1.000000 -1.000000 -1.000000 -1000.000000 -1000.000000 -1000.000000 -0.119094 0.96604131 
Car -1.0 -1.0 1.882894 393.385000 187.457000 424.323000 205.893000 -1.000000 -1.000000 -1.000000 -1000.000000 -1000.000000 -1000.000000 1.613856 0.90971725 
Car -1.0 -1.0 -1.578686 601.968000 184.650000 622.168000 199.560000 -1.000000 -1.000000 -1.000000 -1000.000000 -1000.000000 -1000.000000 -1.574540 0.84157385 