Car -1.0 -1.0 -1.969459 0.506000 181.560000 197.103000 288.855000 -1.000000 -1.000000 -1.000000 -1000.000000 -1000.000000 -1000.000000 -2.599067 0.99999949 
Car -1.0 -1.0 2.383931 270.352000 195.174000 345.095000 225.403000 -1.000000 -1.000000 -1.000000 -1000.000000 -1000.000000 -1000.000000 1.991132 0.99995509 
Car -1.0 -1.0 1.140122 357.330000 182.202000 434.100000 220.147000 -1.000000 -1.000000 -1.000000 -1000.000000 -1000.000000 -1000.000000 0.856570 0.99998674 
Car -1.0 -1.0 -2.404847 398.821000 182.543000 486.178000 216.958000 -1.000000 -1.000000 -1.000000 -1000.000000 -1000.000000 -1000.000000 -2.637448 0.99966875 
Car -1.0 -1.0 2.058246 935.053000 164.825000 996.161000 192.535000 -1.000000 -1.000000 -1.000000 -1000.000000 -1000.000000 -1000.000000 2.517311 0.93062431 
Car -1.0 -1.0 1.739705 734.685000 169.760000 766.809000 190.345000 -1.000000 -1.000000 -1.000000 -1000.000000 -1000.000000 -1000.000000 1.933222 0.99571986 
Car -1.0 -1.0 -0.729539 948.945000 162.612000 1026.283000 194.469000 -1.000000 -1.000000 -1.000000 -1000.000000 -1000.000000 -1000.000000 -0.240311 0.49853578 
Car -1.0 -1.0 0.924670 496.567000 178.647000 552.006000 205.171000 -1.000000 -1.000000 -1.000000 -1000.000000 -1000.000000 -1000.000000 0.808363 0.92541501 
Car -1.0 -1.0 2.619963 858.769000 164.200000 899.149000 183.196000 -1.000000 -1.000000 -1.000000 -1000.000000 -1000.000000 -1000.000000 2.979410 0.48234890 
Car -1.0 -1.0 3.012281 534.523000 177.760000 580.730000 200.763000 -1.000000 -1.000000 -1.000000 -1000.000000 -1000.000000 -1000.000000 2.937841 0.54604800 
Car -1.0 -1.0 1.362134 571.933000 174.232000 611.858000 198.232000 -1.000000 -1.000000 -1.000000 -1000.000000 -1000.000000 -1000.000000 1.338045 0.46478842 
Car -1.0 -1.0 -0.899006 917.388000 166.688000 968.203000 188.631000 -1.000000 -1.000000 -1.000000 -1000.000000 -1000.000000 -1000.000000 -0.460515 0.44681592 
Car -1.0 -1.0 1.422033 196.300000 196.919000 269.103000 232.219000 -1.000000 -1.000000 -1.000000 -1000.000000 -1000.000000 -1000.000000 0.942480 0.64684398 
Car -1.0 -1.0 -0.884407 883.928000 164.950000 930.128000 185.106000 -1.000000 -1.000000 -1.000000 -1000.000000 -1000.000000 -1000.000000 -0.491140 0.29734364 
Car -1.0 -1.0 0.646006 444.508000 182.612000 515.803000 212.243000 -1.000000 -1.000000 -1.000000 -1000.000000 -1000.000000 -1000.000000 0.473972 0.26096418 
Car -1.0 -1.0 1.623326 758.573000 167.231000 782.738000 185.776000 -1.000000 -1.000000 -1.000000 -1000.000000 -1000.000000 -1000.000000 1.844503 0.35267700 
Car -1.0 -1.0 2.134436 227.508000 200.214000 287.448000 226.522000 -1.000000 -1.000000 -1.000000 -1000.000000 -1000.000000 -1000.000000 1.682726 0.18654103 