Car -1.0 -1.0 -1.752335 652.308000 173.162000 722.446000 223.029000 -1.000000 -1.000000 -1.000000 -1000.000000 -1000.000000 -1000.000000 -1.647931 0.99999958 
Car -1.0 -1.0 2.078960 192.002000 193.777000 272.852000 227.261000 -1.000000 -1.000000 -1.000000 -1000.000000 -1000.000000 -1000.000000 1.600053 0.99999979 
Car -1.0 -1.0 2.011421 265.172000 189.911000 324.578000 217.755000 -1.000000 -1.000000 -1.000000 -1000.000000 -1000.000000 -1000.000000 1.601372 0.99999663 
Car -1.0 -1.0 -1.836920 698.156000 168.547000 829.596000 257.818000 -1.000000 -1.000000 -1.000000 -1000.000000 -1000.000000 -1000.000000 -1.633835 0.99999890 
Car -1.0 -1.0 -2.130257 804.779000 171.699000 1235.171000 375.000000 -1.000000 -1.000000 -1.000000 -1000.000000 -1000.000000 -1000.000000 -1.664764 0.99999616 
Car -1.0 -1.0 2.225581 89.578000 198.302000 202.312000 241.657000 -1.000000 -1.000000 -1.000000 -1000.000000 -1000.000000 -1000.000000 1.659889 0.99995321 
Car -1.0 -1.0 -1.727415 636.375000 175.470000 690.245000 214.995000 -1.000000 -1.000000 -1.000000 -1000.000000 -1000.000000 -1000.000000 -1.653140 0.99954322 
Car -1.0 -1.0 1.975740 321.520000 187.372000 368.744000 210.334000 -1.000000 -1.000000 -1.000000 -1000.000000 -1000.000000 -1000.000000 1.628012 0.99986774 
Car -1.0 -1.0 -1.644939 620.874000 175.048000 658.263000 203.070000 -1.000000 -1.000000 -1.000000 -1000.000000 -1000.000000 -1000.000000 -1.600240 0.94793336 
Car -1.0 -1.0 2.792736 0.323000 203.679000 78.344000 261.642000 -1.000000 -1.000000 -1.000000 -1000.000000 -1000.000000 -1000.000000 2.119123 0.96747930 
Car -1.0 -1.0 -1.595610 606.048000 175.222000 630.069000 195.045000 -1.000000 -1.000000 -1.000000 -1000.000000 -1000.000000 -1000.000000 -1.584339 0.22052553 
Car -1.0 -1.0 1.679518 362.601000 177.302000 401.898000 208.875000 -1.000000 -1.000000 -1.000000 -1000.000000 -1000.000000 -1000.000000 1.374825 0.21023428 