Car -1.0 -1.0 -1.759686 663.151000 171.917000 737.964000 226.419000 -1.000000 -1.000000 -1.000000 -1000.000000 -1000.000000 -1000.000000 -1.637840 1.00000000 
Car -1.0 -1.0 2.026178 270.404000 191.315000 323.820000 217.848000 -1.000000 -1.000000 -1.000000 -1000.000000 -1000.000000 -1000.000000 1.617828 0.99999994 
Car -1.0 -1.0 -1.808255 702.173000 174.682000 830.741000 266.413000 -1.000000 -1.000000 -1.000000 -1000.000000 -1000.000000 -1000.000000 -1.599079 0.99999967 
Car -1.0 -1.0 2.101944 100.384000 199.013000 224.453000 252.953000 -1.000000 -1.000000 -1.000000 -1000.000000 -1000.000000 -1000.000000 1.553563 0.99999821 
Car -1.0 -1.0 -1.890493 774.356000 178.101000 1041.900000 357.621000 -1.000000 -1.000000 -1.000000 -1000.000000 -1000.000000 -1000.000000 -1.527645 0.99999949 
Car -1.0 -1.0 2.100895 203.696000 195.947000 277.752000 227.430000 -1.000000 -1.000000 -1.000000 -1000.000000 -1000.000000 -1000.000000 1.630107 0.99999866 
Car -1.0 -1.0 2.206570 0.549000 201.894000 117.826000 258.554000 -1.000000 -1.000000 -1.000000 -1000.000000 -1000.000000 -1000.000000 1.554763 0.99999833 
Car -1.0 -1.0 -1.712621 637.745000 174.419000 684.823000 209.252000 -1.000000 -1.000000 -1.000000 -1000.000000 -1000.000000 -1000.000000 -1.642519 0.99998569 
Car -1.0 -1.0 1.974047 317.417000 188.212000 361.357000 212.085000 -1.000000 -1.000000 -1.000000 -1000.000000 -1000.000000 -1000.000000 1.616639 0.99999562 
Car -1.0 -1.0 1.659424 409.283000 176.154000 441.328000 202.054000 -1.000000 -1.000000 -1.000000 -1000.000000 -1000.000000 -1000.000000 1.410478 0.99532816 
Car -1.0 -1.0 1.925502 355.318000 186.883000 393.674000 206.392000 -1.000000 -1.000000 -1.000000 -1000.000000 -1000.000000 -1000.000000 1.611797 0.99894927 
Car -1.0 -1.0 -1.690277 626.399000 175.207000 664.236000 205.230000 -1.000000 -1.000000 -1.000000 -1000.000000 -1000.000000 -1000.000000 -1.639607 0.49743332 