Car -1.0 -1.0 -1.298590 165.243000 191.504000 330.693000 288.523000 -1.000000 -1.000000 -1.000000 -1000.000000 -1000.000000 -1000.000000 -1.745126 0.99999991 
Car -1.0 -1.0 1.247313 1066.192000 170.808000 1240.058000 276.036000 -1.000000 -1.000000 -1.000000 -1000.000000 -1000.000000 -1000.000000 1.884296 0.99998996 
Car -1.0 -1.0 2.048075 751.720000 179.306000 900.939000 237.315000 -1.000000 -1.000000 -1.000000 -1000.000000 -1000.000000 -1000.000000 2.329925 0.99999723 
Car -1.0 -1.0 2.062311 815.130000 173.680000 988.955000 250.210000 -1.000000 -1.000000 -1.000000 -1000.000000 -1000.000000 -1000.000000 2.443440 0.99999908 
Car -1.0 -1.0 2.129797 650.082000 174.622000 771.339000 225.769000 -1.000000 -1.000000 -1.000000 -1000.000000 -1000.000000 -1000.000000 2.271784 0.99868871 
Car -1.0 -1.0 -1.534049 369.934000 181.491000 427.467000 231.528000 -1.000000 -1.000000 -1.000000 -1000.000000 -1000.000000 -1000.000000 -1.818683 0.99999240 
Car -1.0 -1.0 1.911245 41.186000 197.681000 134.965000 245.131000 -1.000000 -1.000000 -1.000000 -1000.000000 -1000.000000 -1000.000000 1.288423 0.99995744 
Car -1.0 -1.0 2.155445 703.018000 179.137000 829.326000 230.341000 -1.000000 -1.000000 -1.000000 -1000.000000 -1000.000000 -1000.000000 2.365876 0.99985932 
Car -1.0 -1.0 2.315068 968.991000 183.443000 1091.687000 225.044000 -1.000000 -1.000000 -1.000000 -1000.000000 -1000.000000 -1000.000000 2.837470 0.99894463 
Car -1.0 -1.0 1.854838 103.553000 201.883000 159.347000 228.281000 -1.000000 -1.000000 -1.000000 -1000.000000 -1000.000000 -1000.000000 1.271636 0.98638490 
Car -1.0 -1.0 2.233523 1017.832000 184.871000 1136.350000 226.847000 -1.000000 -1.000000 -1.000000 -1000.000000 -1000.000000 -1000.000000 2.812483 0.49907261 
Car -1.0 -1.0 -1.642436 469.819000 178.969000 495.352000 199.584000 -1.000000 -1.000000 -1.000000 -1000.000000 -1000.000000 -1000.000000 -1.815572 0.48377798 