Car -1.0 -1.0 -2.005789 0.000000 179.891000 228.068000 286.934000 -1.000000 -1.000000 -1.000000 -1000.000000 -1000.000000 -1000.000000 -2.606981 0.99999839 
Car -1.0 -1.0 1.154853 322.571000 183.148000 398.763000 219.946000 -1.000000 -1.000000 -1.000000 -1000.000000 -1000.000000 -1000.000000 0.825958 0.99999842 
Car -1.0 -1.0 2.456026 236.090000 195.836000 307.409000 226.069000 -1.000000 -1.000000 -1.000000 -1000.000000 -1000.000000 -1000.000000 2.017519 0.99999088 
Car -1.0 -1.0 -2.375990 363.196000 183.109000 448.332000 216.217000 -1.000000 -1.000000 -1.000000 -1000.000000 -1000.000000 -1000.000000 -2.654817 0.99990261 
Car -1.0 -1.0 1.783815 691.264000 171.757000 721.159000 191.027000 -1.000000 -1.000000 -1.000000 -1000.000000 -1000.000000 -1000.000000 1.917707 0.99713947 
Car -1.0 -1.0 0.968525 457.889000 179.460000 512.335000 205.704000 -1.000000 -1.000000 -1.000000 -1000.000000 -1000.000000 -1000.000000 0.799152 0.99496394 
Car -1.0 -1.0 -0.934241 893.702000 165.628000 970.271000 195.544000 -1.000000 -1.000000 -1.000000 -1000.000000 -1000.000000 -1000.000000 -0.508966 0.49613447 
Car -1.0 -1.0 -1.485132 531.527000 175.409000 574.719000 198.678000 -1.000000 -1.000000 -1.000000 -1000.000000 -1000.000000 -1000.000000 -1.561316 0.49460033 
Car -1.0 -1.0 2.612358 879.376000 165.109000 960.592000 194.804000 -1.000000 -1.000000 -1.000000 -1000.000000 -1000.000000 -1000.000000 3.019456 0.48570146 
Car -1.0 -1.0 1.634968 715.295000 168.513000 740.530000 186.779000 -1.000000 -1.000000 -1.000000 -1000.000000 -1000.000000 -1000.000000 1.797124 0.48490874 
Car -1.0 -1.0 -2.417810 288.269000 192.749000 351.535000 219.968000 -1.000000 -1.000000 -1.000000 -1000.000000 -1000.000000 -1000.000000 -2.797793 0.43836255 
Car -1.0 -1.0 -1.037582 835.051000 168.110000 871.701000 185.734000 -1.000000 -1.000000 -1.000000 -1000.000000 -1000.000000 -1000.000000 -0.710788 0.28761289 
Car -1.0 -1.0 1.758196 496.105000 178.749000 541.440000 200.543000 -1.000000 -1.000000 -1.000000 -1000.000000 -1000.000000 -1000.000000 1.626410 0.44390086 
Car -1.0 -1.0 2.913517 812.621000 166.427000 851.239000 183.357000 -1.000000 -1.000000 -1.000000 -1000.000000 -1000.000000 -1000.000000 -3.071430 0.11301988 
Car -1.0 -1.0 -0.833277 862.522000 167.860000 911.407000 188.209000 -1.000000 -1.000000 -1.000000 -1000.000000 -1000.000000 -1000.000000 -0.460267 0.10308625 