Car -1.0 -1.0 1.962123 121.794000 200.818000 337.887000 336.577000 -1.000000 -1.000000 -1.000000 -1000.000000 -1000.000000 -1000.000000 1.502775 0.99999177 
Car -1.0 -1.0 2.637187 803.515000 185.446000 1139.235000 308.214000 -1.000000 -1.000000 -1.000000 -1000.000000 -1000.000000 -1000.000000 3.083748 0.99999842 
Car -1.0 -1.0 -0.457138 649.293000 181.513000 785.883000 232.819000 -1.000000 -1.000000 -1.000000 -1000.000000 -1000.000000 -1000.000000 -0.320773 0.99999467 
Car -1.0 -1.0 -0.832351 903.869000 188.052000 1237.847000 360.868000 -1.000000 -1.000000 -1.000000 -1000.000000 -1000.000000 -1000.000000 -0.256921 0.99999222 
Car -1.0 -1.0 -0.461977 715.621000 184.262000 880.713000 247.843000 -1.000000 -1.000000 -1.000000 -1000.000000 -1000.000000 -1000.000000 -0.209368 0.99974041 
Car -1.0 -1.0 -0.454389 570.147000 180.313000 651.843000 213.837000 -1.000000 -1.000000 -1.000000 -1000.000000 -1000.000000 -1000.000000 -0.448592 0.49759662 
Car -1.0 -1.0 -0.096165 562.619000 179.920000 636.986000 212.264000 -1.000000 -1.000000 -1.000000 -1000.000000 -1000.000000 -1000.000000 -0.117003 0.49614836 
Car -1.0 -1.0 -0.573075 614.319000 183.286000 730.508000 226.368000 -1.000000 -1.000000 -1.000000 -1000.000000 -1000.000000 -1000.000000 -0.492658 0.99148811 
Car -1.0 -1.0 -0.110581 524.860000 176.703000 594.407000 205.480000 -1.000000 -1.000000 -1.000000 -1000.000000 -1000.000000 -1000.000000 -0.186159 0.49327035 
Car -1.0 -1.0 1.700893 342.527000 176.576000 415.720000 224.067000 -1.000000 -1.000000 -1.000000 -1000.000000 -1000.000000 -1000.000000 1.399113 0.49577969 
Car -1.0 -1.0 1.114966 0.623000 226.837000 185.575000 374.459000 -1.000000 -1.000000 -1.000000 -1000.000000 -1000.000000 -1000.000000 0.481928 0.98508771 
Car -1.0 -1.0 -0.573774 756.294000 181.823000 995.235000 278.144000 -1.000000 -1.000000 -1.000000 -1000.000000 -1000.000000 -1000.000000 -0.216080 0.73630452 