Car -1.0 -1.0 -1.735081 690.045000 176.599000 782.742000 246.548000 -1.000000 -1.000000 -1.000000 -1000.000000 -1000.000000 -1000.000000 -1.564480 0.99999967 
Car -1.0 -1.0 -3.067279 145.942000 167.832000 434.699000 282.580000 -1.000000 -1.000000 -1.000000 -1000.000000 -1000.000000 -1000.000000 2.795536 0.99991159 
Car -1.0 -1.0 -1.688431 661.694000 178.814000 712.962000 219.813000 -1.000000 -1.000000 -1.000000 -1000.000000 -1000.000000 -1000.000000 -1.581960 0.99999470 
Car -1.0 -1.0 -2.920477 5.865000 184.641000 385.140000 330.711000 -1.000000 -1.000000 -1.000000 -1000.000000 -1000.000000 -1000.000000 2.849310 0.99999148 
Car -1.0 -1.0 -2.122781 815.583000 188.153000 1230.312000 375.000000 -1.000000 -1.000000 -1.000000 -1000.000000 -1000.000000 -1000.000000 -1.630991 0.99997467 
Car -1.0 -1.0 3.060955 322.983000 159.712000 498.959000 237.589000 -1.000000 -1.000000 -1.000000 -1000.000000 -1000.000000 -1000.000000 2.797402 0.49990262 
Car -1.0 -1.0 -2.901125 423.675000 174.488000 540.032000 219.105000 -1.000000 -1.000000 -1.000000 -1000.000000 -1000.000000 -1000.000000 -3.059849 0.49991816 
Car -1.0 -1.0 -2.930528 438.904000 177.716000 541.728000 216.067000 -1.000000 -1.000000 -1.000000 -1000.000000 -1000.000000 -1000.000000 -3.087782 0.49987860 
Car -1.0 -1.0 2.983993 470.282000 170.865000 561.330000 207.924000 -1.000000 -1.000000 -1.000000 -1000.000000 -1000.000000 -1000.000000 2.873524 0.49757278 
Car -1.0 -1.0 -1.678152 649.804000 178.772000 692.978000 213.282000 -1.000000 -1.000000 -1.000000 -1000.000000 -1000.000000 -1000.000000 -1.591940 0.49682845 
Car -1.0 -1.0 2.853882 489.564000 170.899000 565.262000 202.434000 -1.000000 -1.000000 -1.000000 -1000.000000 -1000.000000 -1000.000000 2.743470 0.48665446 