Car -1.0 -1.0 1.879816 386.238000 174.831000 450.005000 213.824000 -1.000000 -1.000000 -1.000000 -1000.000000 -1000.000000 -1000.000000 1.624461 0.99999985 
Car -1.0 -1.0 -1.755296 678.811000 186.747000 765.067000 243.674000 -1.000000 -1.000000 -1.000000 -1000.000000 -1000.000000 -1000.000000 -1.605910 0.99999791 
Car -1.0 -1.0 2.024263 184.433000 178.767000 328.429000 245.172000 -1.000000 -1.000000 -1.000000 -1000.000000 -1000.000000 -1000.000000 1.579236 0.99999771 
Car -1.0 -1.0 -1.850385 719.414000 182.845000 858.772000 274.420000 -1.000000 -1.000000 -1.000000 -1000.000000 -1000.000000 -1000.000000 -1.614086 0.99999684 
Car -1.0 -1.0 2.210897 6.459000 179.681000 238.412000 273.503000 -1.000000 -1.000000 -1.000000 -1000.000000 -1000.000000 -1000.000000 1.625453 0.99999213 
Car -1.0 -1.0 1.887421 433.517000 180.524000 484.983000 208.885000 -1.000000 -1.000000 -1.000000 -1000.000000 -1000.000000 -1000.000000 1.683420 0.99871229 
Car -1.0 -1.0 -1.684107 654.017000 183.803000 703.447000 219.846000 -1.000000 -1.000000 -1.000000 -1000.000000 -1000.000000 -1000.000000 -1.589178 0.99933313 
Car -1.0 -1.0 -1.560873 646.117000 181.750000 685.388000 212.962000 -1.000000 -1.000000 -1.000000 -1000.000000 -1000.000000 -1000.000000 -1.479635 0.48955922 
Car -1.0 -1.0 -1.632161 672.027000 183.313000 728.497000 226.915000 -1.000000 -1.000000 -1.000000 -1000.000000 -1000.000000 -1000.000000 -1.509398 0.69525753 
Car -1.0 -1.0 1.637001 453.500000 179.515000 498.507000 205.668000 -1.000000 -1.000000 -1.000000 -1000.000000 -1000.000000 -1000.000000 1.458702 0.93018179 
Car -1.0 -1.0 -1.584365 644.264000 178.471000 679.681000 208.807000 -1.000000 -1.000000 -1.000000 -1000.000000 -1000.000000 -1000.000000 -1.508942 0.47346944 