Car -1.0 -1.0 -1.422795 446.508000 175.475000 537.296000 240.688000 -1.000000 -1.000000 -1.000000 -1000.000000 -1000.000000 -1000.000000 -1.575396 0.99999928 
Car -1.0 -1.0 -1.865584 742.283000 169.001000 880.410000 256.686000 -1.000000 -1.000000 -1.000000 -1000.000000 -1000.000000 -1000.000000 -1.599044 0.99999568 
Car -1.0 -1.0 -1.383779 359.621000 175.065000 519.467000 283.768000 -1.000000 -1.000000 -1.000000 -1000.000000 -1000.000000 -1000.000000 -1.596714 0.99999914 
Car -1.0 -1.0 -1.481310 522.501000 170.485000 570.058000 209.102000 -1.000000 -1.000000 -1.000000 -1000.000000 -1000.000000 -1000.000000 -1.563184 0.99991344 
Car -1.0 -1.0 -0.591172 994.921000 188.471000 1198.571000 249.497000 -1.000000 -1.000000 -1.000000 -1000.000000 -1000.000000 -1000.000000 -0.009309 0.99997202 
Car -1.0 -1.0 -1.751815 667.034000 177.653000 705.124000 203.807000 -1.000000 -1.000000 -1.000000 -1000.000000 -1000.000000 -1000.000000 -1.646725 0.99993801 
Car -1.0 -1.0 -1.534484 482.993000 165.469000 550.813000 225.270000 -1.000000 -1.000000 -1.000000 -1000.000000 -1000.000000 -1000.000000 -1.658878 0.99666093 
Car -1.0 -1.0 -0.730502 0.000000 144.616000 408.917000 370.588000 -1.000000 -1.000000 -1.000000 -1000.000000 -1000.000000 -1000.000000 -1.206653 0.98549056 
Car -1.0 -1.0 1.832732 343.856000 169.779000 387.446000 194.673000 -1.000000 -1.000000 -1.000000 -1000.000000 -1000.000000 -1000.000000 1.507485 0.81114501 
Car -1.0 -1.0 1.888254 305.065000 170.670000 373.369000 206.613000 -1.000000 -1.000000 -1.000000 -1000.000000 -1000.000000 -1000.000000 1.526331 0.38002354 
Car -1.0 -1.0 1.930037 289.751000 166.783000 373.189000 210.803000 -1.000000 -1.000000 -1.000000 -1000.000000 -1000.000000 -1000.000000 1.566145 0.34824665 