Car -1.0 -1.0 2.174913 51.435000 193.532000 228.156000 272.130000 -1.000000 -1.000000 -1.000000 -1000.000000 -1000.000000 -1000.000000 1.607607 1.00000000 
Car -1.0 -1.0 2.070252 1031.678000 171.144000 1241.047000 273.654000 -1.000000 -1.000000 -1.000000 -1000.000000 -1000.000000 -1000.000000 2.715712 0.99999961 
Car -1.0 -1.0 1.962902 254.286000 196.588000 323.760000 229.293000 -1.000000 -1.000000 -1.000000 -1000.000000 -1000.000000 -1000.000000 1.548293 0.99999967 
Car -1.0 -1.0 2.854962 838.852000 162.130000 1034.109000 231.848000 -1.000000 -1.000000 -1.000000 -1000.000000 -1000.000000 -1000.000000 -3.007467 0.99999028 
Car -1.0 -1.0 -1.541540 577.245000 175.095000 615.398000 210.325000 -1.000000 -1.000000 -1.000000 -1000.000000 -1000.000000 -1000.000000 -1.557588 0.99999645 
Car -1.0 -1.0 -1.314452 477.130000 184.242000 567.043000 245.939000 -1.000000 -1.000000 -1.000000 -1000.000000 -1000.000000 -1000.000000 -1.427827 0.99998903 
Car -1.0 -1.0 2.173955 948.068000 170.173000 1122.210000 248.911000 -1.000000 -1.000000 -1.000000 -1000.000000 -1000.000000 -1000.000000 2.713885 0.99989568 
Car -1.0 -1.0 -1.735596 698.735000 170.636000 732.929000 197.241000 -1.000000 -1.000000 -1.000000 -1000.000000 -1000.000000 -1000.000000 -1.590549 0.99935514 
Car -1.0 -1.0 1.730276 425.000000 188.248000 454.896000 206.785000 -1.000000 -1.000000 -1.000000 -1000.000000 -1000.000000 -1000.000000 1.500562 0.99934441 
Car -1.0 -1.0 2.104570 174.407000 200.202000 273.741000 242.976000 -1.000000 -1.000000 -1.000000 -1000.000000 -1000.000000 -1000.000000 1.622329 0.73810445 
Car -1.0 -1.0 0.189650 0.000000 201.392000 83.093000 288.170000 -1.000000 -1.000000 -1.000000 -1000.000000 -1000.000000 -1000.000000 -0.478869 0.47818790 