Car -1.0 -1.0 -1.300807 129.254000 191.267000 305.531000 291.657000 -1.000000 -1.000000 -1.000000 -1000.000000 -1000.000000 -1000.000000 -1.777919 0.99999931 
Car -1.0 -1.0 2.093169 776.104000 174.211000 935.338000 246.666000 -1.000000 -1.000000 -1.000000 -1000.000000 -1000.000000 -1000.000000 2.419576 0.99999902 
Car -1.0 -1.0 1.331981 1003.785000 168.945000 1159.061000 267.066000 -1.000000 -1.000000 -1.000000 -1000.000000 -1000.000000 -1000.000000 1.909495 0.99999791 
Car -1.0 -1.0 -1.525475 345.459000 181.169000 405.358000 231.882000 -1.000000 -1.000000 -1.000000 -1000.000000 -1000.000000 -1000.000000 -1.838448 0.99999386 
Car -1.0 -1.0 2.103859 718.175000 177.749000 851.513000 233.951000 -1.000000 -1.000000 -1.000000 -1000.000000 -1000.000000 -1000.000000 2.338312 0.99999282 
Car -1.0 -1.0 2.156499 1122.208000 176.711000 1242.000000 230.768000 -1.000000 -1.000000 -1.000000 -1000.000000 -1000.000000 -1000.000000 2.834729 0.99998310 
Car -1.0 -1.0 1.921691 7.763000 197.567000 104.492000 246.813000 -1.000000 -1.000000 -1.000000 -1000.000000 -1000.000000 -1000.000000 1.272285 0.99998534 
Car -1.0 -1.0 2.187298 673.687000 178.469000 799.415000 227.536000 -1.000000 -1.000000 -1.000000 -1000.000000 -1000.000000 -1000.000000 2.353719 0.99883421 
Car -1.0 -1.0 2.346907 924.091000 182.448000 1036.062000 221.575000 -1.000000 -1.000000 -1.000000 -1000.000000 -1000.000000 -1000.000000 2.820830 0.99895728 
Car -1.0 -1.0 2.203668 619.957000 176.568000 734.663000 223.637000 -1.000000 -1.000000 -1.000000 -1000.000000 -1000.000000 -1000.000000 2.303384 0.99899034 
Car -1.0 -1.0 -1.641303 442.426000 178.851000 469.459000 199.562000 -1.000000 -1.000000 -1.000000 -1000.000000 -1000.000000 -1000.000000 -1.849601 0.49802913 
Car -1.0 -1.0 1.834754 72.621000 201.145000 126.713000 228.158000 -1.000000 -1.000000 -1.000000 -1000.000000 -1000.000000 -1000.000000 1.222352 0.48287547 