Car -1.0 -1.0 2.006351 373.130000 192.144000 442.227000 227.504000 -1.000000 -1.000000 -1.000000 -1000.000000 -1000.000000 -1000.000000 1.737001 1.00000000 
Car -1.0 -1.0 -1.369897 441.776000 180.787000 539.086000 260.689000 -1.000000 -1.000000 -1.000000 -1000.000000 -1000.000000 -1000.000000 -1.526303 0.99999991 
Car -1.0 -1.0 -1.500629 575.459000 190.700000 674.801000 279.938000 -1.000000 -1.000000 -1.000000 -1000.000000 -1000.000000 -1000.000000 -1.476241 0.99999920 
Car -1.0 -1.0 -3.101146 1123.358000 153.371000 1240.977000 199.787000 -1.000000 -1.000000 -1.000000 -1000.000000 -1000.000000 -1000.000000 -2.422469 0.99998373 
Car -1.0 -1.0 -1.524368 717.271000 178.574000 743.882000 198.255000 -1.000000 -1.000000 -1.000000 -1000.000000 -1000.000000 -1000.000000 -1.356485 0.99695505 
Car -1.0 -1.0 1.643267 267.585000 201.962000 293.712000 222.195000 -1.000000 -1.000000 -1.000000 -1000.000000 -1000.000000 -1000.000000 1.217748 0.48851497 
Car -1.0 -1.0 -1.501564 616.616000 178.952000 657.204000 217.445000 -1.000000 -1.000000 -1.000000 -1000.000000 -1000.000000 -1000.000000 -1.458928 0.93824902 
Car -1.0 -1.0 1.952740 528.897000 186.698000 570.006000 205.966000 -1.000000 -1.000000 -1.000000 -1000.000000 -1000.000000 -1000.000000 1.871634 0.94564819 
Car -1.0 -1.0 -2.915258 0.000000 208.186000 66.725000 242.009000 -1.000000 -1.000000 -1.000000 -1000.000000 -1000.000000 -1000.000000 2.694832 0.47613724 
Car -1.0 -1.0 2.794951 73.002000 209.830000 182.804000 232.989000 -1.000000 -1.000000 -1.000000 -1000.000000 -1000.000000 -1000.000000 2.210982 0.43914468 
Car -1.0 -1.0 1.707510 264.397000 203.117000 299.751000 222.588000 -1.000000 -1.000000 -1.000000 -1000.000000 -1000.000000 -1000.000000 1.282253 0.30596101 