Car -1.0 -1.0 -1.329306 309.866000 178.893000 495.668000 305.428000 -1.000000 -1.000000 -1.000000 -1000.000000 -1000.000000 -1000.000000 -1.588231 0.99999923 
Car -1.0 -1.0 -1.789536 741.933000 178.900000 837.888000 248.055000 -1.000000 -1.000000 -1.000000 -1000.000000 -1000.000000 -1000.000000 -1.548779 0.99999881 
Car -1.0 -1.0 -1.402904 433.544000 165.029000 533.853000 245.828000 -1.000000 -1.000000 -1.000000 -1000.000000 -1000.000000 -1000.000000 -1.569890 0.99997878 
Car -1.0 -1.0 -1.462214 485.215000 164.558000 561.851000 225.667000 -1.000000 -1.000000 -1.000000 -1000.000000 -1000.000000 -1000.000000 -1.577321 0.99999276 
Car -1.0 -1.0 2.045101 196.159000 185.676000 285.916000 225.211000 -1.000000 -1.000000 -1.000000 -1000.000000 -1000.000000 -1000.000000 1.575984 0.99998006 
Car -1.0 -1.0 2.053212 268.100000 180.877000 348.032000 215.538000 -1.000000 -1.000000 -1.000000 -1000.000000 -1000.000000 -1000.000000 1.660736 0.99970068 
Car -1.0 -1.0 -1.740592 681.830000 176.936000 729.325000 208.741000 -1.000000 -1.000000 -1.000000 -1000.000000 -1000.000000 -1000.000000 -1.607945 0.99822612 
Car -1.0 -1.0 -1.771603 714.102000 177.822000 790.372000 230.928000 -1.000000 -1.000000 -1.000000 -1000.000000 -1000.000000 -1000.000000 -1.579208 0.99718341 
Car -1.0 -1.0 -1.690330 660.673000 170.388000 695.686000 195.725000 -1.000000 -1.000000 -1.000000 -1000.000000 -1000.000000 -1000.000000 -1.594613 0.99098989 
Car -1.0 -1.0 -1.838527 515.181000 171.192000 572.401000 216.323000 -1.000000 -1.000000 -1.000000 -1000.000000 -1000.000000 -1000.000000 -1.932119 0.45988531 
Car -1.0 -1.0 -1.463433 527.738000 174.732000 575.771000 210.803000 -1.000000 -1.000000 -1.000000 -1000.000000 -1000.000000 -1000.000000 -1.530646 0.41147326 