Car -1.0 -1.0 2.103116 147.130000 199.245000 281.601000 263.314000 -1.000000 -1.000000 -1.000000 -1000.000000 -1000.000000 -1000.000000 1.606217 1.00000000 
Car -1.0 -1.0 1.969151 285.733000 202.077000 347.052000 232.533000 -1.000000 -1.000000 -1.000000 -1000.000000 -1000.000000 -1000.000000 1.586554 0.99999341 
Car -1.0 -1.0 2.076955 1012.076000 176.427000 1230.284000 271.541000 -1.000000 -1.000000 -1.000000 -1000.000000 -1000.000000 -1000.000000 2.704061 0.99999931 
Car -1.0 -1.0 2.876874 803.011000 169.796000 969.158000 226.016000 -1.000000 -1.000000 -1.000000 -1000.000000 -1000.000000 -1000.000000 -3.044303 0.99999279 
Car -1.0 -1.0 -1.512817 574.370000 181.099000 614.822000 217.492000 -1.000000 -1.000000 -1.000000 -1000.000000 -1000.000000 -1000.000000 -1.531528 0.99999839 
Car -1.0 -1.0 -1.262896 459.142000 192.144000 556.213000 257.379000 -1.000000 -1.000000 -1.000000 -1000.000000 -1000.000000 -1000.000000 -1.394797 0.99999791 
Car -1.0 -1.0 2.125221 929.803000 174.557000 1112.047000 250.665000 -1.000000 -1.000000 -1.000000 -1000.000000 -1000.000000 -1000.000000 2.645095 0.99999624 
Car -1.0 -1.0 2.754070 3.211000 213.338000 135.602000 300.036000 -1.000000 -1.000000 -1.000000 -1000.000000 -1000.000000 -1000.000000 2.119234 0.99997872 
Car -1.0 -1.0 2.315944 876.936000 175.602000 1028.791000 242.467000 -1.000000 -1.000000 -1.000000 -1000.000000 -1000.000000 -1000.000000 2.767278 0.99974415 
Car -1.0 -1.0 -1.682686 689.472000 176.696000 722.971000 202.039000 -1.000000 -1.000000 -1.000000 -1000.000000 -1000.000000 -1000.000000 -1.548338 0.99537757 
Car -1.0 -1.0 1.295460 1141.811000 170.968000 1241.290000 297.933000 -1.000000 -1.000000 -1.000000 -1000.000000 -1000.000000 -1000.000000 1.962745 0.98885544 