Car -1.0 -1.0 -1.923939 811.299000 176.330000 997.244000 294.328000 -1.000000 -1.000000 -1.000000 -1000.000000 -1000.000000 -1000.000000 -1.552650 0.99999970 
Car -1.0 -1.0 1.925901 261.856000 170.599000 329.398000 204.569000 -1.000000 -1.000000 -1.000000 -1000.000000 -1000.000000 -1000.000000 1.516328 0.99999797 
Car -1.0 -1.0 -1.841392 752.940000 174.243000 886.452000 253.895000 -1.000000 -1.000000 -1.000000 -1000.000000 -1000.000000 -1000.000000 -1.570626 0.99999595 
Car -1.0 -1.0 -1.375843 429.786000 152.048000 536.784000 237.938000 -1.000000 -1.000000 -1.000000 -1000.000000 -1000.000000 -1000.000000 -1.541747 0.99990353 
Car -1.0 -1.0 -1.767027 663.609000 163.645000 703.221000 192.942000 -1.000000 -1.000000 -1.000000 -1000.000000 -1000.000000 -1000.000000 -1.664911 0.99997851 
Car -1.0 -1.0 2.068998 7.620000 164.717000 358.948000 374.313000 -1.000000 -1.000000 -1.000000 -1000.000000 -1000.000000 -1000.000000 1.550542 0.99994376 
Car -1.0 -1.0 -1.366368 303.706000 151.349000 491.184000 293.918000 -1.000000 -1.000000 -1.000000 -1000.000000 -1000.000000 -1000.000000 -1.633351 0.99997023 
Car -1.0 -1.0 -1.482795 484.490000 165.580000 555.657000 218.615000 -1.000000 -1.000000 -1.000000 -1000.000000 -1000.000000 -1000.000000 -1.595512 0.99946259 
Car -1.0 -1.0 -1.721103 719.837000 171.230000 807.195000 229.013000 -1.000000 -1.000000 -1.000000 -1000.000000 -1000.000000 -1000.000000 -1.516916 0.99905466 
Car -1.0 -1.0 -1.757798 694.234000 170.378000 760.690000 214.483000 -1.000000 -1.000000 -1.000000 -1000.000000 -1000.000000 -1000.000000 -1.600656 0.97192772 
Car -1.0 -1.0 2.050634 185.019000 171.043000 275.094000 213.940000 -1.000000 -1.000000 -1.000000 -1000.000000 -1000.000000 -1000.000000 1.566113 0.97229294 