Car -1.0 -1.0 1.831508 507.391000 139.679000 562.805000 170.808000 -1.000000 -1.000000 -1.000000 -1000.000000 -1000.000000 -1000.000000 1.730600 0.99999997 
Car -1.0 -1.0 -1.834912 882.928000 153.269000 993.648000 238.223000 -1.000000 -1.000000 -1.000000 -1000.000000 -1000.000000 -1000.000000 -1.412629 0.99999806 
Car -1.0 -1.0 1.838883 558.144000 138.269000 605.426000 163.926000 -1.000000 -1.000000 -1.000000 -1000.000000 -1000.000000 -1000.000000 1.802997 0.99999893 
Car -1.0 -1.0 1.892553 460.093000 141.316000 525.206000 176.310000 -1.000000 -1.000000 -1.000000 -1000.000000 -1000.000000 -1000.000000 1.735786 0.99999574 
Car -1.0 -1.0 -1.732478 777.647000 142.361000 849.983000 212.463000 -1.000000 -1.000000 -1.000000 -1000.000000 -1000.000000 -1000.000000 -1.451814 0.99999872 
Car -1.0 -1.0 -2.300569 182.609000 144.156000 309.518000 194.310000 -1.000000 -1.000000 -1.000000 -1000.000000 -1000.000000 -1000.000000 -2.772347 0.99997938 
Car -1.0 -1.0 -1.190627 1061.862000 181.034000 1240.143000 372.705000 -1.000000 -1.000000 -1.000000 -1000.000000 -1000.000000 -1000.000000 -0.538033 0.99877708 
Car -1.0 -1.0 -1.824459 867.271000 144.794000 926.974000 194.928000 -1.000000 -1.000000 -1.000000 -1000.000000 -1000.000000 -1000.000000 -1.447264 0.98680116 
Car -1.0 -1.0 -1.015296 938.298000 178.133000 1228.400000 318.095000 -1.000000 -1.000000 -1.000000 -1000.000000 -1000.000000 -1000.000000 -0.418608 0.99954429 
Car -1.0 -1.0 2.991218 2.440000 146.908000 206.777000 252.320000 -1.000000 -1.000000 -1.000000 -1000.000000 -1000.000000 -1000.000000 2.370809 0.49947448 
Car -1.0 -1.0 -2.127120 102.186000 150.687000 236.087000 204.791000 -1.000000 -1.000000 -1.000000 -1000.000000 -1000.000000 -1000.000000 -2.678627 0.49374545 