Car -1.0 -1.0 -1.744028 670.814000 178.299000 746.057000 236.369000 -1.000000 -1.000000 -1.000000 -1000.000000 -1000.000000 -1000.000000 -1.608552 1.00000000 
Car -1.0 -1.0 1.990945 265.304000 176.609000 375.609000 237.736000 -1.000000 -1.000000 -1.000000 -1000.000000 -1000.000000 -1000.000000 1.615547 1.00000000 
Car -1.0 -1.0 -1.747073 703.460000 180.201000 807.897000 255.278000 -1.000000 -1.000000 -1.000000 -1000.000000 -1000.000000 -1000.000000 -1.554799 1.00000000 
Car -1.0 -1.0 -1.880077 734.271000 187.770000 932.273000 312.922000 -1.000000 -1.000000 -1.000000 -1000.000000 -1000.000000 -1000.000000 -1.596101 0.99999750 
Car -1.0 -1.0 1.630127 897.178000 163.218000 1230.147000 375.000000 -1.000000 -1.000000 -1.000000 -1000.000000 -1000.000000 -1000.000000 2.207049 0.99999574 
Car -1.0 -1.0 -1.628139 657.986000 178.893000 708.995000 223.897000 -1.000000 -1.000000 -1.000000 -1000.000000 -1000.000000 -1000.000000 -1.523108 0.99997133 
Car -1.0 -1.0 1.845853 398.109000 181.927000 458.999000 215.321000 -1.000000 -1.000000 -1.000000 -1000.000000 -1000.000000 -1000.000000 1.603752 0.99999306 
Car -1.0 -1.0 1.963134 360.084000 179.834000 434.726000 222.972000 -1.000000 -1.000000 -1.000000 -1000.000000 -1000.000000 -1000.000000 1.678163 0.99990720 
Car -1.0 -1.0 1.833815 433.242000 179.808000 480.390000 209.768000 -1.000000 -1.000000 -1.000000 -1000.000000 -1000.000000 -1000.000000 1.629107 0.99956971 
Car -1.0 -1.0 -1.665071 652.335000 174.033000 693.123000 211.921000 -1.000000 -1.000000 -1.000000 -1000.000000 -1000.000000 -1000.000000 -1.576944 0.99204120 
Car -1.0 -1.0 1.774936 456.966000 175.780000 497.902000 205.019000 -1.000000 -1.000000 -1.000000 -1000.000000 -1000.000000 -1000.000000 1.591306 0.46266349 