Car -1.0 -1.0 0.786581 8.176000 174.185000 322.992000 373.293000 -1.000000 -1.000000 -1.000000 -1000.000000 -1000.000000 -1000.000000 0.223750 0.99993184 
Car -1.0 -1.0 -1.863323 761.549000 176.801000 912.886000 263.305000 -1.000000 -1.000000 -1.000000 -1000.000000 -1000.000000 -1000.000000 -1.571952 0.99999666 
Car -1.0 -1.0 -1.951459 827.295000 181.844000 1053.369000 316.009000 -1.000000 -1.000000 -1.000000 -1000.000000 -1000.000000 -1000.000000 -1.540984 0.99999779 
Car -1.0 -1.0 -1.764144 664.667000 164.748000 705.615000 196.408000 -1.000000 -1.000000 -1.000000 -1000.000000 -1000.000000 -1000.000000 -1.660449 0.99998876 
Car -1.0 -1.0 -1.338855 272.735000 150.450000 482.379000 307.692000 -1.000000 -1.000000 -1.000000 -1000.000000 -1000.000000 -1000.000000 -1.634599 0.99998793 
Car -1.0 -1.0 -1.477380 475.880000 166.508000 551.508000 223.277000 -1.000000 -1.000000 -1.000000 -1000.000000 -1000.000000 -1000.000000 -1.596725 0.99959452 
Car -1.0 -1.0 2.080248 149.641000 170.783000 263.781000 217.033000 -1.000000 -1.000000 -1.000000 -1000.000000 -1000.000000 -1000.000000 1.575579 0.99981093 
Car -1.0 -1.0 -1.712461 720.639000 173.943000 819.718000 231.690000 -1.000000 -1.000000 -1.000000 -1000.000000 -1000.000000 -1000.000000 -1.492533 0.99973656 
Car -1.0 -1.0 -1.437737 399.880000 149.543000 536.350000 243.902000 -1.000000 -1.000000 -1.000000 -1000.000000 -1000.000000 -1000.000000 -1.616934 0.99961248 
Car -1.0 -1.0 1.997474 246.789000 170.300000 321.385000 206.279000 -1.000000 -1.000000 -1.000000 -1000.000000 -1000.000000 -1000.000000 1.575763 0.99910039 
Car -1.0 -1.0 -1.773075 697.175000 172.711000 767.475000 220.115000 -1.000000 -1.000000 -1.000000 -1000.000000 -1000.000000 -1000.000000 -1.610235 0.49242578 
Car -1.0 -1.0 2.170960 2.099000 175.460000 173.338000 245.875000 -1.000000 -1.000000 -1.000000 -1000.000000 -1000.000000 -1000.000000 1.551371 0.49157932 
Car -1.0 -1.0 -1.493978 508.368000 165.697000 564.085000 208.065000 -1.000000 -1.000000 -1.000000 -1000.000000 -1000.000000 -1000.000000 -1.591199 0.71671040 