Car -1.0 -1.0 -1.891326 718.229000 185.130000 933.252000 317.348000 -1.000000 -1.000000 -1.000000 -1000.000000 -1000.000000 -1000.000000 -1.622394 0.99998719 
Car -1.0 -1.0 -2.501376 11.669000 177.085000 313.809000 322.000000 -1.000000 -1.000000 -1.000000 -1000.000000 -1000.000000 -1000.000000 -3.024752 0.99991156 
Car -1.0 -1.0 -2.155127 836.867000 198.188000 1236.684000 375.000000 -1.000000 -1.000000 -1.000000 -1000.000000 -1000.000000 -1000.000000 -1.648956 0.99995631 
Car -1.0 -1.0 -2.712704 83.783000 166.831000 350.661000 281.492000 -1.000000 -1.000000 -1.000000 -1000.000000 -1000.000000 -1000.000000 3.091228 0.74824274 
Car -1.0 -1.0 -2.688194 318.616000 172.451000 441.962000 222.617000 -1.000000 -1.000000 -1.000000 -1000.000000 -1000.000000 -1000.000000 -2.995523 0.49972500 
Car -1.0 -1.0 -2.765116 190.342000 168.971000 378.013000 254.704000 -1.000000 -1.000000 -1.000000 -1000.000000 -1000.000000 -1000.000000 3.089539 0.99941280 
Car -1.0 -1.0 1.374681 508.558000 167.316000 544.151000 194.025000 -1.000000 -1.000000 -1.000000 -1000.000000 -1000.000000 -1000.000000 1.262255 0.99703017 
Car -1.0 -1.0 -1.762274 613.799000 167.089000 659.137000 204.689000 -1.000000 -1.000000 -1.000000 -1000.000000 -1000.000000 -1000.000000 -1.725759 0.49924919 
Car -1.0 -1.0 -2.690350 254.227000 172.267000 421.739000 234.409000 -1.000000 -1.000000 -1.000000 -1000.000000 -1000.000000 -1000.000000 -3.034377 0.74875738 
Car -1.0 -1.0 -0.549831 2.016000 184.429000 133.816000 372.462000 -1.000000 -1.000000 -1.000000 -1000.000000 -1000.000000 -1000.000000 -1.190597 0.99290107 
Car -1.0 -1.0 -2.832380 346.439000 168.683000 452.967000 216.208000 -1.000000 -1.000000 -1.000000 -1000.000000 -1000.000000 -1000.000000 -3.116544 0.49783656 