Car -1.0 -1.0 -1.758243 722.302000 177.204000 781.833000 218.285000 -1.000000 -1.000000 -1.000000 -1000.000000 -1000.000000 -1000.000000 -1.565901 1.00000000 
Car -1.0 -1.0 1.925002 341.319000 185.063000 425.243000 233.005000 -1.000000 -1.000000 -1.000000 -1000.000000 -1000.000000 -1000.000000 1.624534 0.99999955 
Car -1.0 -1.0 1.823257 426.796000 182.802000 466.921000 206.147000 -1.000000 -1.000000 -1.000000 -1000.000000 -1000.000000 -1000.000000 1.602899 0.99997866 
Car -1.0 -1.0 -1.568383 612.784000 174.499000 634.548000 193.134000 -1.000000 -1.000000 -1.000000 -1000.000000 -1000.000000 -1000.000000 -1.547438 0.99897134 
Car -1.0 -1.0 -0.788254 1093.017000 143.339000 1171.847000 172.703000 -1.000000 -1.000000 -1.000000 -1000.000000 -1000.000000 -1000.000000 -0.157816 0.99883519 
Car -1.0 -1.0 1.643103 495.066000 178.177000 526.265000 201.337000 -1.000000 -1.000000 -1.000000 -1000.000000 -1000.000000 -1000.000000 1.506820 0.98735504 
Car -1.0 -1.0 1.776766 463.627000 178.739000 493.161000 199.442000 -1.000000 -1.000000 -1.000000 -1000.000000 -1000.000000 -1000.000000 1.599164 0.87237906 
Car -1.0 -1.0 2.034451 563.258000 173.184000 593.292000 189.905000 -1.000000 -1.000000 -1.000000 -1000.000000 -1000.000000 -1000.000000 1.991062 0.87119649 
Car -1.0 -1.0 -2.250168 1153.835000 144.180000 1212.038000 164.595000 -1.000000 -1.000000 -1.000000 -1000.000000 -1000.000000 -1000.000000 -1.576448 0.62327988 
Car -1.0 -1.0 2.675801 1017.160000 147.265000 1109.296000 176.322000 -1.000000 -1.000000 -1.000000 -1000.000000 -1000.000000 -1000.000000 -3.046869 0.59476142 
Car -1.0 -1.0 1.717015 1203.293000 141.751000 1240.778000 168.037000 -1.000000 -1.000000 -1.000000 -1000.000000 -1000.000000 -1000.000000 2.420291 0.36505483 