Car -1.0 -1.0 2.099235 277.641000 210.535000 476.570000 325.583000 -1.000000 -1.000000 -1.000000 -1000.000000 -1000.000000 -1000.000000 1.810496 0.99999985 
Car -1.0 -1.0 1.933212 429.647000 199.849000 532.458000 281.065000 -1.000000 -1.000000 -1.000000 -1000.000000 -1000.000000 -1000.000000 1.763749 0.99998799 
Car -1.0 -1.0 -0.376650 857.247000 196.965000 1069.557000 279.991000 -1.000000 -1.000000 -1.000000 -1000.000000 -1000.000000 -1000.000000 0.072991 0.99998119 
Car -1.0 -1.0 -0.519246 914.236000 200.325000 1193.760000 300.776000 -1.000000 -1.000000 -1.000000 -1000.000000 -1000.000000 -1000.000000 0.046552 0.99786998 
Car -1.0 -1.0 -0.664998 970.204000 202.864000 1239.236000 337.201000 -1.000000 -1.000000 -1.000000 -1000.000000 -1000.000000 -1000.000000 -0.047335 0.49987911 
Car -1.0 -1.0 -0.455580 760.090000 195.212000 874.251000 236.892000 -1.000000 -1.000000 -1.000000 -1000.000000 -1000.000000 -1000.000000 -0.182823 0.49977015 
Car -1.0 -1.0 -0.455710 813.311000 194.222000 971.341000 252.549000 -1.000000 -1.000000 -1.000000 -1000.000000 -1000.000000 -1000.000000 -0.097505 0.99923183 
Car -1.0 -1.0 -0.499057 750.528000 193.069000 843.120000 233.791000 -1.000000 -1.000000 -1.000000 -1000.000000 -1000.000000 -1000.000000 -0.239549 0.49814552 
Car -1.0 -1.0 -0.606365 733.502000 194.989000 828.486000 230.319000 -1.000000 -1.000000 -1.000000 -1000.000000 -1000.000000 -1000.000000 -0.377813 0.49526532 
Car -1.0 -1.0 -0.332109 694.758000 191.367000 768.694000 221.402000 -1.000000 -1.000000 -1.000000 -1000.000000 -1000.000000 -1000.000000 -0.158076 0.46922269 
Car -1.0 -1.0 -0.901295 720.798000 192.854000 796.340000 227.914000 -1.000000 -1.000000 -1.000000 -1000.000000 -1000.000000 -1000.000000 -0.688194 0.22253060 