Car -1.0 -1.0 -2.006578 698.345000 199.173000 1117.142000 373.645000 -1.000000 -1.000000 -1.000000 -1000.000000 -1000.000000 -1000.000000 -1.691759 0.99999312 
Car -1.0 -1.0 1.711718 359.816000 187.939000 430.515000 243.517000 -1.000000 -1.000000 -1.000000 -1000.000000 -1000.000000 -1000.000000 1.427418 0.99995160 
Car -1.0 -1.0 -0.586634 675.989000 188.112000 848.330000 281.627000 -1.000000 -1.000000 -1.000000 -1000.000000 -1000.000000 -1000.000000 -0.364311 0.49981029 
Car -1.0 -1.0 2.899377 617.587000 191.113000 741.621000 237.600000 -1.000000 -1.000000 -1.000000 -1000.000000 -1000.000000 -1000.000000 2.966081 0.49938759 
Car -1.0 -1.0 -0.372001 636.128000 191.432000 763.582000 244.660000 -1.000000 -1.000000 -1.000000 -1000.000000 -1000.000000 -1000.000000 -0.254220 0.49928899 
Car -1.0 -1.0 -0.374248 684.189000 184.521000 890.351000 291.576000 -1.000000 -1.000000 -1.000000 -1000.000000 -1000.000000 -1000.000000 -0.143392 0.49809100 
Car -1.0 -1.0 -1.577474 506.480000 187.280000 530.773000 205.103000 -1.000000 -1.000000 -1.000000 -1000.000000 -1000.000000 -1000.000000 -1.702518 0.99054244 
Car -1.0 -1.0 -0.562801 799.360000 192.215000 1048.908000 290.708000 -1.000000 -1.000000 -1.000000 -1000.000000 -1000.000000 -1000.000000 -0.133856 0.95366415 
Car -1.0 -1.0 -0.379693 644.515000 193.197000 786.367000 252.260000 -1.000000 -1.000000 -1.000000 -1000.000000 -1000.000000 -1000.000000 -0.236333 0.48271017 
Car -1.0 -1.0 -0.428669 590.649000 188.376000 688.123000 224.801000 -1.000000 -1.000000 -1.000000 -1000.000000 -1000.000000 -1000.000000 -0.400487 0.96136095 
Car -1.0 -1.0 0.061640 680.326000 190.490000 934.328000 323.731000 -1.000000 -1.000000 -1.000000 -1000.000000 -1000.000000 -1000.000000 0.308196 0.45020527 