Car -1.0 -1.0 -1.397972 442.888000 156.401000 543.020000 234.945000 -1.000000 -1.000000 -1.000000 -1000.000000 -1000.000000 -1000.000000 -1.553467 0.99998575 
Car -1.0 -1.0 -1.897741 794.398000 177.036000 956.440000 282.735000 -1.000000 -1.000000 -1.000000 -1000.000000 -1000.000000 -1000.000000 -1.557637 0.99999806 
Car -1.0 -1.0 -1.387883 340.997000 156.404000 501.084000 280.645000 -1.000000 -1.000000 -1.000000 -1000.000000 -1000.000000 -1000.000000 -1.631326 0.99996164 
Car -1.0 -1.0 1.962922 276.107000 173.482000 338.259000 207.369000 -1.000000 -1.000000 -1.000000 -1000.000000 -1000.000000 -1000.000000 1.565328 0.99996433 
Car -1.0 -1.0 -1.836962 742.769000 175.761000 862.007000 249.168000 -1.000000 -1.000000 -1.000000 -1000.000000 -1000.000000 -1000.000000 -1.584428 0.99995652 
Car -1.0 -1.0 -1.751711 663.190000 165.266000 702.323000 194.529000 -1.000000 -1.000000 -1.000000 -1000.000000 -1000.000000 -1000.000000 -1.650795 0.99991474 
Car -1.0 -1.0 0.025274 21.868000 169.432000 404.703000 373.767000 -1.000000 -1.000000 -1.000000 -1000.000000 -1000.000000 -1000.000000 -0.452684 0.99980332 
Car -1.0 -1.0 -1.481797 489.233000 165.809000 558.698000 217.829000 -1.000000 -1.000000 -1.000000 -1000.000000 -1000.000000 -1000.000000 -1.589734 0.99974109 
Car -1.0 -1.0 1.876407 317.552000 172.256000 369.155000 200.743000 -1.000000 -1.000000 -1.000000 -1000.000000 -1000.000000 -1000.000000 1.525530 0.99954867 
Car -1.0 -1.0 -1.755297 704.937000 171.165000 790.307000 228.079000 -1.000000 -1.000000 -1.000000 -1000.000000 -1000.000000 -1000.000000 -1.563772 0.49934791 
Car -1.0 -1.0 -1.713511 721.120000 173.367000 797.281000 222.813000 -1.000000 -1.000000 -1.000000 -1000.000000 -1000.000000 -1000.000000 -1.521246 0.49555947 
Car -1.0 -1.0 -1.749873 691.530000 172.620000 752.955000 212.816000 -1.000000 -1.000000 -1.000000 -1000.000000 -1000.000000 -1000.000000 -1.598749 0.49523555 
Car -1.0 -1.0 -1.480186 513.599000 166.729000 568.554000 207.387000 -1.000000 -1.000000 -1.000000 -1000.000000 -1000.000000 -1000.000000 -1.568388 0.48178276 