Car -1.0 -1.0 -1.827459 712.085000 191.871000 860.406000 286.804000 -1.000000 -1.000000 -1.000000 -1000.000000 -1000.000000 -1000.000000 -1.597834 0.99999982 
Car -1.0 -1.0 -1.696946 690.024000 183.571000 772.237000 251.082000 -1.000000 -1.000000 -1.000000 -1000.000000 -1000.000000 -1000.000000 -1.533694 0.99999997 
Car -1.0 -1.0 1.850959 415.646000 184.689000 468.998000 216.044000 -1.000000 -1.000000 -1.000000 -1000.000000 -1000.000000 -1000.000000 1.625837 0.99999446 
Car -1.0 -1.0 1.979666 304.482000 180.631000 398.209000 232.750000 -1.000000 -1.000000 -1.000000 -1000.000000 -1000.000000 -1000.000000 1.640384 0.99999961 
Car -1.0 -1.0 -2.144741 814.772000 177.823000 1224.349000 374.683000 -1.000000 -1.000000 -1.000000 -1000.000000 -1000.000000 -1000.000000 -1.682510 0.99999958 
Car -1.0 -1.0 -1.724437 663.923000 183.856000 728.794000 234.331000 -1.000000 -1.000000 -1.000000 -1000.000000 -1000.000000 -1000.000000 -1.604973 0.99999750 
Car -1.0 -1.0 1.961440 381.993000 183.260000 448.425000 222.769000 -1.000000 -1.000000 -1.000000 -1000.000000 -1000.000000 -1000.000000 1.699429 0.99998873 
Car -1.0 -1.0 -1.536936 652.990000 182.182000 696.759000 221.986000 -1.000000 -1.000000 -1.000000 -1000.000000 -1000.000000 -1000.000000 -1.447080 0.99996120 
Car -1.0 -1.0 2.944510 1.876000 189.582000 144.350000 304.652000 -1.000000 -1.000000 -1.000000 -1000.000000 -1000.000000 -1000.000000 2.297498 0.99946924 
Car -1.0 -1.0 1.831732 446.796000 182.786000 488.500000 211.442000 -1.000000 -1.000000 -1.000000 -1000.000000 -1000.000000 -1000.000000 1.640281 0.49527566 
Car -1.0 -1.0 -1.590195 646.347000 180.595000 680.070000 211.736000 -1.000000 -1.000000 -1.000000 -1000.000000 -1000.000000 -1000.000000 -1.519917 0.48923479 