Car -1.0 -1.0 1.721970 466.565000 175.994000 538.764000 237.482000 -1.000000 -1.000000 -1.000000 -1000.000000 -1000.000000 -1000.000000 1.579572 0.99999943 
Car -1.0 -1.0 2.844347 710.180000 163.449000 876.811000 239.573000 -1.000000 -1.000000 -1.000000 -1000.000000 -1000.000000 -1000.000000 3.069669 0.49999529 
Car -1.0 -1.0 1.682088 516.060000 173.239000 565.167000 215.760000 -1.000000 -1.000000 -1.000000 -1000.000000 -1000.000000 -1000.000000 1.592435 0.99880403 
Car -1.0 -1.0 3.011552 723.920000 165.588000 899.682000 248.037000 -1.000000 -1.000000 -1.000000 -1000.000000 -1000.000000 -1000.000000 -3.011258 0.49994063 
Car -1.0 -1.0 1.917076 0.374000 165.725000 233.063000 373.358000 -1.000000 -1.000000 -1.000000 -1000.000000 -1000.000000 -1000.000000 1.302120 0.99568619 
Car -1.0 -1.0 2.690074 800.045000 165.487000 1133.963000 328.436000 -1.000000 -1.000000 -1.000000 -1000.000000 -1000.000000 -1000.000000 3.140652 0.24951193 
Car -1.0 -1.0 2.758814 832.812000 154.461000 1226.769000 328.749000 -1.000000 -1.000000 -1.000000 -1000.000000 -1000.000000 -1000.000000 -3.033519 0.72820631 
Car -1.0 -1.0 2.981259 670.597000 172.322000 765.561000 210.359000 -1.000000 -1.000000 -1.000000 -1000.000000 -1000.000000 -1000.000000 3.139051 0.93079458 
Car -1.0 -1.0 2.072805 78.423000 129.777000 453.355000 369.459000 -1.000000 -1.000000 -1.000000 -1000.000000 -1000.000000 -1000.000000 1.644723 0.92370003 
Car -1.0 -1.0 -0.601037 688.299000 169.109000 826.675000 227.487000 -1.000000 -1.000000 -1.000000 -1000.000000 -1000.000000 -1000.000000 -0.386703 0.81453580 
Car -1.0 -1.0 2.770757 771.151000 172.446000 1061.495000 325.021000 -1.000000 -1.000000 -1.000000 -1000.000000 -1000.000000 -1000.000000 -3.087125 0.20382275 
Car -1.0 -1.0 3.023274 755.331000 174.475000 954.502000 276.350000 -1.000000 -1.000000 -1.000000 -1000.000000 -1000.000000 -1000.000000 -2.971361 0.19277881 