Car -1.0 -1.0 -2.010005 837.984000 192.400000 1141.035000 350.115000 -1.000000 -1.000000 -1.000000 -1000.000000 -1000.000000 -1000.000000 -1.563464 0.99999997 
Car -1.0 -1.0 -1.301861 185.691000 185.764000 459.592000 362.611000 -1.000000 -1.000000 -1.000000 -1000.000000 -1000.000000 -1000.000000 -1.643589 0.99999967 
Car -1.0 -1.0 -1.372601 481.541000 178.436000 555.337000 232.103000 -1.000000 -1.000000 -1.000000 -1000.000000 -1000.000000 -1000.000000 -1.489747 0.99999797 
Car -1.0 -1.0 -1.796762 701.968000 171.714000 778.201000 225.491000 -1.000000 -1.000000 -1.000000 -1000.000000 -1000.000000 -1000.000000 -1.621638 0.99999881 
Car -1.0 -1.0 1.900144 287.673000 174.373000 349.816000 203.203000 -1.000000 -1.000000 -1.000000 -1000.000000 -1000.000000 -1000.000000 1.519437 0.99997935 
Car -1.0 -1.0 -1.380706 394.173000 166.676000 527.042000 266.202000 -1.000000 -1.000000 -1.000000 -1000.000000 -1000.000000 -1000.000000 -1.573820 0.99999753 
Car -1.0 -1.0 -0.546694 972.997000 180.535000 1179.924000 251.578000 -1.000000 -1.000000 -1.000000 -1000.000000 -1000.000000 -1000.000000 0.028401 0.99978331 
Car -1.0 -1.0 2.035711 69.051000 167.668000 191.789000 223.199000 -1.000000 -1.000000 -1.000000 -1000.000000 -1000.000000 -1000.000000 1.453383 0.99972299 
Car -1.0 -1.0 -1.690465 660.766000 178.753000 690.146000 199.147000 -1.000000 -1.000000 -1.000000 -1000.000000 -1000.000000 -1000.000000 -1.597601 0.99929875 
Car -1.0 -1.0 1.862476 340.225000 173.860000 389.156000 201.291000 -1.000000 -1.000000 -1.000000 -1000.000000 -1000.000000 -1000.000000 1.537308 0.99655753 
Car -1.0 -1.0 2.012959 185.182000 171.583000 280.490000 212.234000 -1.000000 -1.000000 -1.000000 -1000.000000 -1000.000000 -1000.000000 1.536425 0.99959621 
Car -1.0 -1.0 -0.469211 878.558000 180.164000 990.777000 231.594000 -1.000000 -1.000000 -1.000000 -1000.000000 -1000.000000 -1000.000000 -0.043575 0.49938513 
Car -1.0 -1.0 -0.616886 1087.972000 197.974000 1242.000000 369.710000 -1.000000 -1.000000 -1.000000 -1000.000000 -1000.000000 -1000.000000 0.043369 0.98992057 