Car -1.0 -1.0 -1.699241 686.693000 183.151000 760.774000 244.707000 -1.000000 -1.000000 -1.000000 -1000.000000 -1000.000000 -1000.000000 -1.545913 1.00000000 
Car -1.0 -1.0 -2.050521 786.653000 178.000000 1107.346000 366.514000 -1.000000 -1.000000 -1.000000 -1000.000000 -1000.000000 -1000.000000 -1.656966 0.99999967 
Car -1.0 -1.0 2.756598 0.226000 187.634000 187.491000 298.468000 -1.000000 -1.000000 -1.000000 -1000.000000 -1000.000000 -1000.000000 2.137491 0.99999973 
Car -1.0 -1.0 -1.804731 701.774000 190.299000 829.307000 277.000000 -1.000000 -1.000000 -1.000000 -1000.000000 -1000.000000 -1000.000000 -1.595183 0.99999890 
Car -1.0 -1.0 1.818331 419.447000 183.401000 475.173000 214.983000 -1.000000 -1.000000 -1.000000 -1000.000000 -1000.000000 -1000.000000 1.602015 0.99997479 
Car -1.0 -1.0 1.927234 386.621000 182.721000 454.716000 220.196000 -1.000000 -1.000000 -1.000000 -1000.000000 -1000.000000 -1000.000000 1.675807 0.99998963 
Car -1.0 -1.0 -1.722586 661.302000 184.001000 721.783000 231.435000 -1.000000 -1.000000 -1.000000 -1000.000000 -1000.000000 -1000.000000 -1.608717 0.99993673 
Car -1.0 -1.0 1.964915 321.116000 179.116000 410.276000 228.744000 -1.000000 -1.000000 -1.000000 -1000.000000 -1000.000000 -1000.000000 1.642013 0.99992874 
Car -1.0 -1.0 -1.530060 650.670000 182.471000 694.146000 220.133000 -1.000000 -1.000000 -1.000000 -1000.000000 -1000.000000 -1000.000000 -1.441436 0.99978787 
Car -1.0 -1.0 1.816611 455.536000 181.144000 493.392000 209.641000 -1.000000 -1.000000 -1.000000 -1000.000000 -1000.000000 -1000.000000 1.631792 0.49319491 
Car -1.0 -1.0 -1.530994 645.198000 179.666000 679.547000 210.441000 -1.000000 -1.000000 -1.000000 -1000.000000 -1000.000000 -1000.000000 -1.455762 0.24416569 