Car -1.0 -1.0 -1.736518 689.650000 185.189000 817.753000 280.560000 -1.000000 -1.000000 -1.000000 -1000.000000 -1000.000000 -1000.000000 -1.548677 0.99999997 
Car -1.0 -1.0 -1.533507 567.722000 183.055000 649.435000 258.448000 -1.000000 -1.000000 -1.000000 -1000.000000 -1000.000000 -1000.000000 -1.532414 0.99999994 
Car -1.0 -1.0 -1.596988 669.442000 185.035000 732.353000 239.070000 -1.000000 -1.000000 -1.000000 -1000.000000 -1000.000000 -1000.000000 -1.472422 0.99999949 
Car -1.0 -1.0 -1.949413 760.886000 186.779000 1058.471000 373.419000 -1.000000 -1.000000 -1.000000 -1000.000000 -1000.000000 -1000.000000 -1.592092 0.99999970 
Car -1.0 -1.0 1.877465 391.657000 192.174000 499.924000 261.509000 -1.000000 -1.000000 -1.000000 -1000.000000 -1000.000000 -1000.000000 1.665717 0.99999806 
Car -1.0 -1.0 0.256010 189.730000 193.863000 273.344000 222.210000 -1.000000 -1.000000 -1.000000 -1000.000000 -1000.000000 -1000.000000 -0.224875 0.99999094 
Car -1.0 -1.0 1.716415 553.911000 182.312000 592.981000 213.147000 -1.000000 -1.000000 -1.000000 -1000.000000 -1000.000000 -1000.000000 1.669245 0.99988315 
Car -1.0 -1.0 -1.513235 662.635000 182.071000 710.065000 225.301000 -1.000000 -1.000000 -1.000000 -1000.000000 -1000.000000 -1000.000000 -1.402306 0.49976188 
Car -1.0 -1.0 -0.056071 306.492000 188.251000 378.114000 217.026000 -1.000000 -1.000000 -1.000000 -1000.000000 -1000.000000 -1000.000000 -0.409596 0.49989128 
Car -1.0 -1.0 -0.602856 1050.620000 205.267000 1239.197000 374.220000 -1.000000 -1.000000 -1.000000 -1000.000000 -1000.000000 -1000.000000 0.041772 0.99936213 
Car -1.0 -1.0 -1.531813 593.082000 173.723000 647.888000 229.544000 -1.000000 -1.000000 -1.000000 -1000.000000 -1000.000000 -1000.000000 -1.511799 0.49955057 
Car -1.0 -1.0 0.519272 38.601000 195.834000 133.568000 228.864000 -1.000000 -1.000000 -1.000000 -1000.000000 -1000.000000 -1000.000000 -0.104875 0.49701440 