Car -1.0 -1.0 -1.790878 0.458000 184.823000 135.520000 288.191000 -1.000000 -1.000000 -1.000000 -1000.000000 -1000.000000 -1000.000000 -2.442941 0.99999583 
Car -1.0 -1.0 1.179965 489.394000 177.448000 573.471000 220.013000 -1.000000 -1.000000 -1.000000 -1000.000000 -1000.000000 -1000.000000 1.075126 0.99999139 
Car -1.0 -1.0 1.706360 909.587000 162.524000 947.279000 186.549000 -1.000000 -1.000000 -1.000000 -1000.000000 -1000.000000 -1000.000000 2.123650 0.99984047 
Car -1.0 -1.0 0.885585 637.977000 174.028000 700.106000 203.222000 -1.000000 -1.000000 -1.000000 -1000.000000 -1000.000000 -1000.000000 0.967187 0.49990197 
Car -1.0 -1.0 -0.801925 213.532000 193.216000 302.371000 232.561000 -1.000000 -1.000000 -1.000000 -1000.000000 -1000.000000 -1000.000000 -1.249916 0.99662799 
Car -1.0 -1.0 0.654030 535.485000 178.070000 625.582000 215.026000 -1.000000 -1.000000 -1.000000 -1000.000000 -1000.000000 -1000.000000 0.616318 0.99960670 
Car -1.0 -1.0 2.061965 148.501000 197.551000 244.817000 235.316000 -1.000000 -1.000000 -1.000000 -1000.000000 -1000.000000 -1000.000000 1.543431 0.99964444 
Car -1.0 -1.0 2.349176 413.404000 191.132000 479.784000 222.258000 -1.000000 -1.000000 -1.000000 -1000.000000 -1000.000000 -1000.000000 2.132920 0.99961726 
Car -1.0 -1.0 1.591483 936.521000 159.184000 967.430000 180.622000 -1.000000 -1.000000 -1.000000 -1000.000000 -1000.000000 -1000.000000 2.035938 0.99828912 
Car -1.0 -1.0 2.870959 1061.705000 156.029000 1125.527000 177.951000 -1.000000 -1.000000 -1.000000 -1000.000000 -1000.000000 -1000.000000 -2.821568 0.98135458 
Car -1.0 -1.0 -0.855882 1100.215000 155.510000 1159.316000 179.975000 -1.000000 -1.000000 -1.000000 -1000.000000 -1000.000000 -1000.000000 -0.227761 0.99641776 
Car -1.0 -1.0 -2.448282 648.910000 174.806000 709.332000 202.924000 -1.000000 -1.000000 -1.000000 -1000.000000 -1000.000000 -1000.000000 -2.344596 0.49721432 
Car -1.0 -1.0 1.593853 330.179000 189.252000 395.203000 229.497000 -1.000000 -1.000000 -1.000000 -1000.000000 -1000.000000 -1000.000000 1.265028 0.49454059 
Car -1.0 -1.0 0.481474 572.818000 177.473000 652.196000 209.321000 -1.000000 -1.000000 -1.000000 -1000.000000 -1000.000000 -1000.000000 0.505023 0.69341981 
Car -1.0 -1.0 1.756788 1187.809000 154.797000 1239.785000 191.154000 -1.000000 -1.000000 -1.000000 -1000.000000 -1000.000000 -1000.000000 2.454111 0.67199622 
Car -1.0 -1.0 1.976869 93.683000 198.267000 188.022000 235.520000 -1.000000 -1.000000 -1.000000 -1000.000000 -1000.000000 -1000.000000 1.409875 0.45522447 
Car -1.0 -1.0 -0.861131 1153.753000 155.181000 1238.482000 186.074000 -1.000000 -1.000000 -1.000000 -1000.000000 -1000.000000 -1000.000000 -0.177842 0.22715639 
Car -1.0 -1.0 -2.357630 676.623000 171.763000 734.977000 198.066000 -1.000000 -1.000000 -1.000000 -1000.000000 -1000.000000 -1000.000000 -2.226067 0.37603390 
Car -1.0 -1.0 2.226880 452.155000 190.011000 509.407000 218.424000 -1.000000 -1.000000 -1.000000 -1000.000000 -1000.000000 -1000.000000 2.062977 0.19185464 
Car -1.0 -1.0 2.296928 455.903000 186.595000 521.655000 218.308000 -1.000000 -1.000000 -1.000000 -1000.000000 -1000.000000 -1000.000000 2.136274 0.19140738 