Car -1.0 -1.0 -1.878626 775.673000 183.635000 937.838000 278.347000 -1.000000 -1.000000 -1.000000 -1000.000000 -1000.000000 -1000.000000 -1.562870 0.99999896 
Car -1.0 -1.0 -1.985076 847.674000 185.806000 1124.645000 344.745000 -1.000000 -1.000000 -1.000000 -1000.000000 -1000.000000 -1000.000000 -1.526394 0.99999878 
Car -1.0 -1.0 -1.297454 223.030000 148.850000 467.639000 333.522000 -1.000000 -1.000000 -1.000000 -1000.000000 -1000.000000 -1000.000000 -1.627389 0.99998832 
Car -1.0 -1.0 2.193087 0.924000 177.454000 136.837000 238.434000 -1.000000 -1.000000 -1.000000 -1000.000000 -1000.000000 -1000.000000 1.547036 0.99999031 
Car -1.0 -1.0 -1.484526 469.323000 172.279000 547.514000 229.027000 -1.000000 -1.000000 -1.000000 -1000.000000 -1000.000000 -1000.000000 -1.610858 0.99789391 
Car -1.0 -1.0 -1.749628 664.804000 169.259000 706.906000 200.960000 -1.000000 -1.000000 -1.000000 -1000.000000 -1000.000000 -1000.000000 -1.644218 0.99990757 
Car -1.0 -1.0 -1.704999 730.914000 178.765000 833.494000 241.186000 -1.000000 -1.000000 -1.000000 -1000.000000 -1000.000000 -1000.000000 -1.473318 0.99996442 
Car -1.0 -1.0 2.099342 126.756000 172.948000 248.694000 221.709000 -1.000000 -1.000000 -1.000000 -1000.000000 -1000.000000 -1000.000000 1.575652 0.99994624 
Car -1.0 -1.0 -1.403145 395.833000 153.512000 527.121000 253.637000 -1.000000 -1.000000 -1.000000 -1000.000000 -1000.000000 -1000.000000 -1.595357 0.99971995 
Car -1.0 -1.0 -0.284453 1.618000 192.066000 225.553000 374.583000 -1.000000 -1.000000 -1.000000 -1000.000000 -1000.000000 -1000.000000 -0.885710 0.99841359 
Car -1.0 -1.0 -1.761176 701.532000 177.746000 772.439000 224.080000 -1.000000 -1.000000 -1.000000 -1000.000000 -1000.000000 -1000.000000 -1.589979 0.49810342 
Car -1.0 -1.0 -1.468105 503.443000 170.133000 559.545000 213.913000 -1.000000 -1.000000 -1.000000 -1000.000000 -1000.000000 -1000.000000 -1.569385 0.49627244 