Car -1.0 -1.0 -1.733163 655.782000 173.961000 721.016000 222.222000 -1.000000 -1.000000 -1.000000 -1000.000000 -1000.000000 -1000.000000 -1.625192 0.99999985 
Car -1.0 -1.0 -1.763480 688.365000 174.394000 789.411000 251.733000 -1.000000 -1.000000 -1.000000 -1000.000000 -1000.000000 -1000.000000 -1.591854 0.99999991 
Car -1.0 -1.0 -1.836423 737.567000 178.132000 911.726000 301.792000 -1.000000 -1.000000 -1.000000 -1000.000000 -1000.000000 -1000.000000 -1.561165 0.99999547 
Car -1.0 -1.0 2.185406 45.734000 202.750000 160.433000 254.158000 -1.000000 -1.000000 -1.000000 -1000.000000 -1000.000000 -1000.000000 1.577994 0.99999562 
Car -1.0 -1.0 2.006143 287.520000 192.711000 337.157000 218.074000 -1.000000 -1.000000 -1.000000 -1000.000000 -1000.000000 -1000.000000 1.616408 0.99999797 
Car -1.0 -1.0 1.893917 330.202000 190.225000 372.655000 213.068000 -1.000000 -1.000000 -1.000000 -1000.000000 -1000.000000 -1000.000000 1.550170 0.99993417 
Car -1.0 -1.0 -1.708578 634.600000 176.129000 678.005000 208.311000 -1.000000 -1.000000 -1.000000 -1000.000000 -1000.000000 -1000.000000 -1.646302 0.99992287 
Car -1.0 -1.0 2.071155 176.979000 199.921000 271.587000 242.653000 -1.000000 -1.000000 -1.000000 -1000.000000 -1000.000000 -1000.000000 1.584383 0.99992046 
Car -1.0 -1.0 1.648483 423.246000 179.059000 451.618000 202.098000 -1.000000 -1.000000 -1.000000 -1000.000000 -1000.000000 -1000.000000 1.414084 0.61284226 
Car -1.0 -1.0 2.014044 147.073000 202.764000 228.740000 238.117000 -1.000000 -1.000000 -1.000000 -1000.000000 -1000.000000 -1000.000000 1.482082 0.70965514 
Car -1.0 -1.0 2.105415 235.296000 197.166000 294.416000 226.832000 -1.000000 -1.000000 -1.000000 -1000.000000 -1000.000000 -1000.000000 1.660682 0.35166341 
Car -1.0 -1.0 -1.682732 621.962000 177.066000 662.383000 203.736000 -1.000000 -1.000000 -1.000000 -1000.000000 -1000.000000 -1000.000000 -1.636644 0.14274140 