Car -1.0 -1.0 -1.365229 347.352000 165.479000 498.271000 278.956000 -1.000000 -1.000000 -1.000000 -1000.000000 -1000.000000 -1000.000000 -1.604728 0.99999943 
Car -1.0 -1.0 -1.830853 691.568000 181.935000 768.630000 229.010000 -1.000000 -1.000000 -1.000000 -1000.000000 -1000.000000 -1000.000000 -1.668202 0.99997577 
Car -1.0 -1.0 -1.416588 430.990000 175.755000 523.583000 238.245000 -1.000000 -1.000000 -1.000000 -1000.000000 -1000.000000 -1000.000000 -1.582671 0.99997124 
Car -1.0 -1.0 -1.542198 530.773000 172.882000 561.030000 198.450000 -1.000000 -1.000000 -1.000000 -1000.000000 -1000.000000 -1000.000000 -1.628216 0.99995655 
Car -1.0 -1.0 1.810566 313.230000 169.448000 362.309000 198.109000 -1.000000 -1.000000 -1.000000 -1000.000000 -1000.000000 -1000.000000 1.451074 0.99871230 
Car -1.0 -1.0 1.870867 223.790000 171.114000 296.510000 206.229000 -1.000000 -1.000000 -1.000000 -1000.000000 -1000.000000 -1000.000000 1.424895 0.49832018 
Car -1.0 -1.0 -1.711515 681.594000 179.301000 739.659000 218.975000 -1.000000 -1.000000 -1.000000 -1000.000000 -1000.000000 -1000.000000 -1.577359 0.94701418 
Car -1.0 -1.0 2.054436 0.062000 98.645000 351.726000 370.338000 -1.000000 -1.000000 -1.000000 -1000.000000 -1000.000000 -1000.000000 1.511151 0.97979859 
Car -1.0 -1.0 -1.484233 1202.830000 193.316000 1242.000000 237.437000 -1.000000 -1.000000 -1.000000 -1000.000000 -1000.000000 -1000.000000 -0.775921 0.82412772 
Car -1.0 -1.0 1.871195 206.751000 171.564000 300.773000 208.552000 -1.000000 -1.000000 -1.000000 -1000.000000 -1000.000000 -1000.000000 1.418760 0.27912423 
Car -1.0 -1.0 -1.508438 547.386000 170.464000 572.290000 192.285000 -1.000000 -1.000000 -1.000000 -1000.000000 -1000.000000 -1000.000000 -1.576449 0.36211118 