Car -1.0 -1.0 1.032846 864.446000 161.349000 1009.096000 227.194000 -1.000000 -1.000000 -1.000000 -1000.000000 -1000.000000 -1000.000000 1.456805 0.99999988 
Car -1.0 -1.0 2.106651 522.649000 177.210000 624.459000 225.556000 -1.000000 -1.000000 -1.000000 -1000.000000 -1000.000000 -1000.000000 2.053898 0.99999422 
Car -1.0 -1.0 -1.730157 126.200000 177.363000 233.392000 245.511000 -1.000000 -1.000000 -1.000000 -1000.000000 -1000.000000 -1000.000000 -2.270738 0.99998578 
Car -1.0 -1.0 2.257072 756.580000 180.071000 846.314000 216.015000 -1.000000 -1.000000 -1.000000 -1000.000000 -1000.000000 -1000.000000 2.517114 0.99999091 
Car -1.0 -1.0 0.643722 930.810000 162.690000 1106.352000 218.309000 -1.000000 -1.000000 -1.000000 -1000.000000 -1000.000000 -1000.000000 1.155522 0.99994051 
Car -1.0 -1.0 1.526308 657.556000 175.923000 732.060000 230.143000 -1.000000 -1.000000 -1.000000 -1000.000000 -1000.000000 -1000.000000 1.645675 0.99995562 
Car -1.0 -1.0 2.276122 708.541000 181.626000 795.623000 215.275000 -1.000000 -1.000000 -1.000000 -1000.000000 -1000.000000 -1000.000000 2.469907 0.99950190 
Car -1.0 -1.0 2.171877 433.453000 180.238000 534.427000 218.522000 -1.000000 -1.000000 -1.000000 -1000.000000 -1000.000000 -1000.000000 1.998706 0.49979259 
Car -1.0 -1.0 2.092422 471.433000 180.015000 580.488000 221.708000 -1.000000 -1.000000 -1.000000 -1000.000000 -1000.000000 -1000.000000 1.972141 0.99005668 
Car -1.0 -1.0 0.651568 1014.882000 161.316000 1181.560000 215.922000 -1.000000 -1.000000 -1.000000 -1000.000000 -1000.000000 -1000.000000 1.244849 0.96059597 
Car -1.0 -1.0 -0.257347 1099.839000 157.175000 1233.488000 204.441000 -1.000000 -1.000000 -1.000000 -1000.000000 -1000.000000 -1000.000000 0.404117 0.98507097 
Car -1.0 -1.0 2.338537 811.469000 177.570000 907.017000 215.624000 -1.000000 -1.000000 -1.000000 -1000.000000 -1000.000000 -1000.000000 2.668865 0.91924191 
Car -1.0 -1.0 2.040454 636.038000 181.653000 694.406000 211.928000 -1.000000 -1.000000 -1.000000 -1000.000000 -1000.000000 -1000.000000 2.116173 0.35464215 
Car -1.0 -1.0 0.948066 1149.422000 158.472000 1242.000000 200.821000 -1.000000 -1.000000 -1.000000 -1000.000000 -1000.000000 -1000.000000 1.627753 0.17500079 