Car -1.0 -1.0 1.992771 209.233000 185.658000 276.562000 221.240000 -1.000000 -1.000000 -1.000000 -1000.000000 -1000.000000 -1000.000000 1.524423 0.99999803 
Car -1.0 -1.0 2.011100 260.351000 185.124000 323.032000 217.057000 -1.000000 -1.000000 -1.000000 -1000.000000 -1000.000000 -1000.000000 1.597818 0.99999771 
Car -1.0 -1.0 -1.719254 678.016000 182.809000 748.988000 232.964000 -1.000000 -1.000000 -1.000000 -1000.000000 -1000.000000 -1000.000000 -1.578113 0.99996486 
Car -1.0 -1.0 2.199808 116.583000 186.869000 225.565000 231.147000 -1.000000 -1.000000 -1.000000 -1000.000000 -1000.000000 -1000.000000 1.657026 0.99994552 
Car -1.0 -1.0 1.916635 307.904000 182.929000 354.693000 210.321000 -1.000000 -1.000000 -1.000000 -1000.000000 -1000.000000 -1000.000000 1.548283 0.99977657 
Car -1.0 -1.0 -1.724162 665.996000 183.232000 718.213000 223.191000 -1.000000 -1.000000 -1.000000 -1000.000000 -1000.000000 -1000.000000 -1.609935 0.99931653 
Car -1.0 -1.0 1.837965 370.692000 181.618000 406.804000 203.151000 -1.000000 -1.000000 -1.000000 -1000.000000 -1000.000000 -1000.000000 1.542654 0.97954662 
Car -1.0 -1.0 -1.689821 654.234000 182.495000 697.234000 213.736000 -1.000000 -1.000000 -1.000000 -1000.000000 -1000.000000 -1000.000000 -1.597404 0.82188277 
Car -1.0 -1.0 -1.129960 1.412000 186.047000 76.588000 253.104000 -1.000000 -1.000000 -1.000000 -1000.000000 -1000.000000 -1000.000000 -1.803449 0.43145471 
Car -1.0 -1.0 1.850260 337.012000 181.692000 376.880000 205.226000 -1.000000 -1.000000 -1.000000 -1000.000000 -1000.000000 -1000.000000 1.513713 0.25828837 
Car -1.0 -1.0 -1.594534 602.438000 179.269000 621.810000 193.627000 -1.000000 -1.000000 -1.000000 -1000.000000 -1000.000000 -1000.000000 -1.590378 0.17401485 