Car -1.0 -1.0 1.813918 408.013000 177.444000 458.027000 208.891000 -1.000000 -1.000000 -1.000000 -1000.000000 -1000.000000 -1000.000000 1.575747 1.00000000 
Car -1.0 -1.0 -1.726964 696.664000 177.513000 748.151000 211.914000 -1.000000 -1.000000 -1.000000 -1000.000000 -1000.000000 -1000.000000 -1.572131 0.99999991 
Car -1.0 -1.0 1.865812 304.389000 175.552000 396.353000 230.920000 -1.000000 -1.000000 -1.000000 -1000.000000 -1000.000000 -1000.000000 1.524222 0.99999744 
Car -1.0 -1.0 2.101937 156.027000 183.038000 286.824000 238.870000 -1.000000 -1.000000 -1.000000 -1000.000000 -1000.000000 -1000.000000 1.614597 0.99999529 
Car -1.0 -1.0 -1.594772 595.631000 169.523000 623.087000 193.553000 -1.000000 -1.000000 -1.000000 -1000.000000 -1000.000000 -1000.000000 -1.593391 0.99998868 
Car -1.0 -1.0 1.805689 498.809000 166.877000 534.756000 190.513000 -1.000000 -1.000000 -1.000000 -1000.000000 -1000.000000 -1000.000000 1.679699 0.98471329 
Car -1.0 -1.0 1.699742 528.469000 168.054000 571.771000 189.168000 -1.000000 -1.000000 -1.000000 -1000.000000 -1000.000000 -1000.000000 1.618960 0.49470592 
Car -1.0 -1.0 2.087355 541.444000 170.710000 578.315000 188.283000 -1.000000 -1.000000 -1.000000 -1000.000000 -1000.000000 -1000.000000 2.020137 0.49612280 
Car -1.0 -1.0 3.063873 563.813000 169.931000 597.655000 186.353000 -1.000000 -1.000000 -1.000000 -1000.000000 -1000.000000 -1000.000000 3.029184 0.57615882 
Car -1.0 -1.0 1.699638 519.593000 168.139000 567.291000 187.892000 -1.000000 -1.000000 -1.000000 -1000.000000 -1000.000000 -1000.000000 1.616058 0.20216424 
Car -1.0 -1.0 2.625286 1063.109000 146.072000 1168.523000 173.095000 -1.000000 -1.000000 -1.000000 -1000.000000 -1000.000000 -1000.000000 -3.047069 0.10256725 