Car -1.0 -1.0 -1.909640 832.766000 177.404000 1060.785000 329.329000 -1.000000 -1.000000 -1.000000 -1000.000000 -1000.000000 -1000.000000 -1.497820 0.99999976 
Car -1.0 -1.0 -1.872878 782.699000 171.526000 923.403000 268.715000 -1.000000 -1.000000 -1.000000 -1000.000000 -1000.000000 -1000.000000 -1.555589 0.99999902 
Car -1.0 -1.0 1.788333 465.003000 180.851000 499.814000 198.157000 -1.000000 -1.000000 -1.000000 -1000.000000 -1000.000000 -1000.000000 1.613173 0.99983837 
Car -1.0 -1.0 -2.455051 558.734000 175.368000 615.969000 198.230000 -1.000000 -1.000000 -1.000000 -1000.000000 -1000.000000 -1000.000000 -2.484790 0.99991196 
Car -1.0 -1.0 2.959357 387.867000 182.096000 457.298000 207.545000 -1.000000 -1.000000 -1.000000 -1000.000000 -1000.000000 -1000.000000 2.706400 0.99981944 
Car -1.0 -1.0 2.325705 295.342000 185.618000 376.954000 212.629000 -1.000000 -1.000000 -1.000000 -1000.000000 -1000.000000 -1000.000000 1.960240 0.99409230 
Car -1.0 -1.0 -1.723505 704.197000 175.083000 753.046000 215.370000 -1.000000 -1.000000 -1.000000 -1000.000000 -1000.000000 -1000.000000 -1.559763 0.75135643 
Car -1.0 -1.0 2.308074 209.328000 182.330000 300.673000 218.665000 -1.000000 -1.000000 -1.000000 -1000.000000 -1000.000000 -1000.000000 1.857096 0.88399754 
Car -1.0 -1.0 2.525534 24.817000 196.248000 122.744000 229.395000 -1.000000 -1.000000 -1.000000 -1000.000000 -1000.000000 -1000.000000 1.892686 0.43192951 
Car -1.0 -1.0 2.540797 98.221000 191.027000 204.506000 227.218000 -1.000000 -1.000000 -1.000000 -1000.000000 -1000.000000 -1000.000000 1.976131 0.77875552 
Car -1.0 -1.0 2.802880 853.655000 158.572000 937.675000 193.852000 -1.000000 -1.000000 -1.000000 -1000.000000 -1000.000000 -1000.000000 -3.111375 0.61998694 