Car -1.0 -1.0 2.335524 2.935000 216.472000 265.764000 374.291000 -1.000000 -1.000000 -1.000000 -1000.000000 -1000.000000 -1000.000000 1.763182 0.99998093 
Car -1.0 -1.0 1.920057 202.688000 202.912000 379.529000 315.898000 -1.000000 -1.000000 -1.000000 -1000.000000 -1000.000000 -1000.000000 1.521294 0.99999696 
Car -1.0 -1.0 2.658367 788.294000 194.149000 1086.320000 294.160000 -1.000000 -1.000000 -1.000000 -1000.000000 -1000.000000 -1000.000000 3.072399 0.99999005 
Car -1.0 -1.0 -0.446644 655.138000 186.636000 780.719000 233.725000 -1.000000 -1.000000 -1.000000 -1000.000000 -1000.000000 -1000.000000 -0.300561 0.99986218 
Car -1.0 -1.0 -0.727095 880.787000 192.519000 1187.930000 338.811000 -1.000000 -1.000000 -1.000000 -1000.000000 -1000.000000 -1000.000000 -0.176198 0.99998903 
Car -1.0 -1.0 -0.543340 727.255000 187.982000 921.781000 255.107000 -1.000000 -1.000000 -1.000000 -1000.000000 -1000.000000 -1000.000000 -0.291432 0.49996144 
Car -1.0 -1.0 -0.521341 725.025000 189.119000 885.763000 249.637000 -1.000000 -1.000000 -1.000000 -1000.000000 -1000.000000 -1000.000000 -0.272032 0.49994332 
Car -1.0 -1.0 0.594307 997.489000 207.095000 1240.967000 372.905000 -1.000000 -1.000000 -1.000000 -1000.000000 -1000.000000 -1000.000000 1.202142 0.99954902 
Car -1.0 -1.0 -0.026882 540.891000 181.951000 604.423000 207.400000 -1.000000 -1.000000 -1.000000 -1000.000000 -1000.000000 -1000.000000 -0.082886 0.49506742 
Car -1.0 -1.0 -0.549822 627.767000 186.820000 720.384000 225.595000 -1.000000 -1.000000 -1.000000 -1000.000000 -1000.000000 -1000.000000 -0.456711 0.49790938 
Car -1.0 -1.0 -0.288746 599.131000 184.060000 677.173000 218.612000 -1.000000 -1.000000 -1.000000 -1000.000000 -1000.000000 -1000.000000 -0.246097 0.24662131 