Car -1.0 -1.0 -1.735580 2.911000 194.278000 134.344000 282.106000 -1.000000 -1.000000 -1.000000 -1000.000000 -1000.000000 -1000.000000 -2.385036 0.99999979 
Car -1.0 -1.0 1.673491 1132.576000 161.970000 1182.062000 191.339000 -1.000000 -1.000000 -1.000000 -1000.000000 -1000.000000 -1000.000000 2.323810 0.99997640 
Car -1.0 -1.0 0.788909 680.767000 178.621000 797.375000 221.713000 -1.000000 -1.000000 -1.000000 -1000.000000 -1000.000000 -1000.000000 0.966156 0.99995786 
Car -1.0 -1.0 1.154142 629.409000 177.744000 725.916000 225.891000 -1.000000 -1.000000 -1.000000 -1000.000000 -1000.000000 -1000.000000 1.252401 0.99996597 
Car -1.0 -1.0 2.334588 549.968000 192.184000 623.047000 225.736000 -1.000000 -1.000000 -1.000000 -1000.000000 -1000.000000 -1000.000000 2.308189 0.99975985 
Car -1.0 -1.0 1.660336 458.570000 191.934000 526.210000 233.719000 -1.000000 -1.000000 -1.000000 -1000.000000 -1000.000000 -1000.000000 1.502813 0.99130760 
Car -1.0 -1.0 2.242693 336.536000 195.317000 432.536000 236.208000 -1.000000 -1.000000 -1.000000 -1000.000000 -1000.000000 -1000.000000 1.942392 0.99897388 
Car -1.0 -1.0 0.740399 742.872000 178.199000 834.188000 216.565000 -1.000000 -1.000000 -1.000000 -1000.000000 -1000.000000 -1000.000000 0.984105 0.49910295 
Car -1.0 -1.0 -2.412543 836.645000 173.602000 908.476000 204.409000 -1.000000 -1.000000 -1.000000 -1000.000000 -1000.000000 -1000.000000 -2.060062 0.99449575 
Car -1.0 -1.0 2.173984 283.952000 197.048000 383.085000 234.995000 -1.000000 -1.000000 -1.000000 -1000.000000 -1000.000000 -1000.000000 1.809898 0.99587423 
Car -1.0 -1.0 0.723934 793.975000 175.574000 873.910000 210.388000 -1.000000 -1.000000 -1.000000 -1000.000000 -1000.000000 -1000.000000 1.026595 0.99338533 
Car -1.0 -1.0 2.242823 154.853000 199.002000 251.751000 234.948000 -1.000000 -1.000000 -1.000000 -1000.000000 -1000.000000 -1000.000000 1.736580 0.49328902 
Car -1.0 -1.0 2.305576 119.987000 198.893000 214.538000 234.247000 -1.000000 -1.000000 -1.000000 -1000.000000 -1000.000000 -1000.000000 1.761840 0.93941525 
Car -1.0 -1.0 2.191299 241.792000 199.525000 340.212000 234.108000 -1.000000 -1.000000 -1.000000 -1000.000000 -1000.000000 -1000.000000 1.774078 0.64181319 
Car -1.0 -1.0 1.568525 1162.263000 161.359000 1203.898000 184.334000 -1.000000 -1.000000 -1.000000 -1000.000000 -1000.000000 -1000.000000 2.240794 0.45655045 
Car -1.0 -1.0 2.246879 185.744000 198.263000 291.297000 233.756000 -1.000000 -1.000000 -1.000000 -1000.000000 -1000.000000 -1000.000000 1.783978 0.73545125 