Car -1.0 -1.0 -1.301178 268.072000 180.226000 489.471000 325.129000 -1.000000 -1.000000 -1.000000 -1000.000000 -1000.000000 -1000.000000 -1.587252 0.99999985 
Car -1.0 -1.0 -1.804115 750.637000 181.816000 853.209000 255.404000 -1.000000 -1.000000 -1.000000 -1000.000000 -1000.000000 -1000.000000 -1.547924 0.99999821 
Car -1.0 -1.0 -1.444310 478.819000 164.072000 559.905000 228.937000 -1.000000 -1.000000 -1.000000 -1000.000000 -1000.000000 -1000.000000 -1.564976 0.99999529 
Car -1.0 -1.0 -1.388029 418.130000 165.779000 530.418000 254.539000 -1.000000 -1.000000 -1.000000 -1000.000000 -1000.000000 -1000.000000 -1.566446 0.99989183 
Car -1.0 -1.0 -1.772391 719.741000 180.672000 801.988000 235.503000 -1.000000 -1.000000 -1.000000 -1000.000000 -1000.000000 -1000.000000 -1.570499 0.99957411 
Car -1.0 -1.0 2.070783 177.139000 186.589000 272.765000 227.910000 -1.000000 -1.000000 -1.000000 -1000.000000 -1000.000000 -1000.000000 1.584624 0.99971855 
Car -1.0 -1.0 -1.680603 663.272000 171.543000 697.409000 197.817000 -1.000000 -1.000000 -1.000000 -1000.000000 -1000.000000 -1000.000000 -1.582405 0.99728902 
Car -1.0 -1.0 2.020269 249.681000 180.322000 338.641000 217.387000 -1.000000 -1.000000 -1.000000 -1000.000000 -1000.000000 -1000.000000 1.614627 0.98981456 
Car -1.0 -1.0 -1.742657 685.662000 179.148000 735.879000 211.716000 -1.000000 -1.000000 -1.000000 -1000.000000 -1000.000000 -1000.000000 -1.605589 0.91917406 
Car -1.0 -1.0 -1.670050 510.020000 169.903000 569.378000 218.593000 -1.000000 -1.000000 -1.000000 -1000.000000 -1000.000000 -1000.000000 -1.766321 0.48414150 
Car -1.0 -1.0 -1.491668 518.274000 174.588000 570.187000 214.575000 -1.000000 -1.000000 -1.000000 -1000.000000 -1000.000000 -1000.000000 -1.568416 0.46368140 