Car -1.0 -1.0 2.007453 174.739000 188.728000 284.595000 251.244000 -1.000000 -1.000000 -1.000000 -1000.000000 -1000.000000 -1000.000000 1.529273 0.99999937 
Car -1.0 -1.0 1.944967 340.350000 188.998000 390.160000 214.862000 -1.000000 -1.000000 -1.000000 -1000.000000 -1000.000000 -1000.000000 1.621727 0.99998659 
Car -1.0 -1.0 -1.354213 490.488000 178.837000 558.083000 230.723000 -1.000000 -1.000000 -1.000000 -1000.000000 -1000.000000 -1000.000000 -1.469044 0.99998063 
Car -1.0 -1.0 -1.627964 681.813000 178.761000 730.386000 214.800000 -1.000000 -1.000000 -1.000000 -1000.000000 -1000.000000 -1000.000000 -1.493707 0.99977408 
Car -1.0 -1.0 1.969414 375.079000 186.290000 418.758000 209.558000 -1.000000 -1.000000 -1.000000 -1000.000000 -1000.000000 -1000.000000 1.682952 0.99804823 
Car -1.0 -1.0 2.229119 100.316000 196.765000 222.111000 245.524000 -1.000000 -1.000000 -1.000000 -1000.000000 -1000.000000 -1000.000000 1.674331 0.99889685 
Car -1.0 -1.0 1.882330 405.443000 186.512000 438.949000 205.691000 -1.000000 -1.000000 -1.000000 -1000.000000 -1000.000000 -1000.000000 1.629146 0.94489555 
Car -1.0 -1.0 1.838998 441.926000 183.785000 470.888000 200.811000 -1.000000 -1.000000 -1.000000 -1000.000000 -1000.000000 -1000.000000 1.630519 0.47146521 
Car -1.0 -1.0 -1.442557 513.303000 175.550000 565.447000 217.567000 -1.000000 -1.000000 -1.000000 -1000.000000 -1000.000000 -1000.000000 -1.536707 0.78138955 
Car -1.0 -1.0 -1.679451 661.309000 178.075000 702.435000 202.510000 -1.000000 -1.000000 -1.000000 -1000.000000 -1000.000000 -1000.000000 -1.578542 0.26983712 
Car -1.0 -1.0 1.815695 425.386000 184.734000 454.707000 202.000000 -1.000000 -1.000000 -1.000000 -1000.000000 -1000.000000 -1000.000000 1.584829 0.35849191 
Car -1.0 -1.0 -1.467534 532.226000 174.495000 574.941000 209.272000 -1.000000 -1.000000 -1.000000 -1000.000000 -1000.000000 -1000.000000 -1.540942 0.12538594 