Car -1.0 -1.0 2.160324 739.346000 176.992000 884.875000 243.377000 -1.000000 -1.000000 -1.000000 -1000.000000 -1000.000000 -1000.000000 2.435432 0.99999976 
Car -1.0 -1.0 -1.277842 91.764000 191.378000 278.218000 297.156000 -1.000000 -1.000000 -1.000000 -1000.000000 -1000.000000 -1000.000000 -1.786883 0.99999985 
Car -1.0 -1.0 2.108218 685.879000 179.072000 811.988000 231.574000 -1.000000 -1.000000 -1.000000 -1000.000000 -1000.000000 -1000.000000 2.299073 0.99999905 
Car -1.0 -1.0 -1.535834 319.461000 181.156000 383.230000 233.773000 -1.000000 -1.000000 -1.000000 -1000.000000 -1000.000000 -1000.000000 -1.878519 0.99999577 
Car -1.0 -1.0 1.374607 948.112000 170.030000 1087.947000 259.003000 -1.000000 -1.000000 -1.000000 -1000.000000 -1000.000000 -1000.000000 1.886000 0.99994567 
Car -1.0 -1.0 2.211355 1055.625000 178.671000 1209.282000 228.951000 -1.000000 -1.000000 -1.000000 -1000.000000 -1000.000000 -1000.000000 2.837348 0.99979664 
Car -1.0 -1.0 2.081057 1148.096000 179.798000 1241.123000 231.667000 -1.000000 -1.000000 -1.000000 -1000.000000 -1000.000000 -1000.000000 2.768958 0.99948111 
Car -1.0 -1.0 2.138577 591.815000 176.777000 710.603000 222.303000 -1.000000 -1.000000 -1.000000 -1000.000000 -1000.000000 -1000.000000 2.200030 0.99907790 
Car -1.0 -1.0 2.336651 884.326000 183.975000 985.482000 220.577000 -1.000000 -1.000000 -1.000000 -1000.000000 -1000.000000 -1000.000000 2.762377 0.99934439 
Car -1.0 -1.0 1.952700 1.398000 197.791000 72.653000 247.361000 -1.000000 -1.000000 -1.000000 -1000.000000 -1000.000000 -1000.000000 1.280313 0.99363656 
Car -1.0 -1.0 -1.651957 417.126000 179.334000 441.682000 200.445000 -1.000000 -1.000000 -1.000000 -1000.000000 -1000.000000 -1000.000000 -1.896445 0.49811672 
Car -1.0 -1.0 2.209635 646.999000 178.597000 767.573000 224.696000 -1.000000 -1.000000 -1.000000 -1000.000000 -1000.000000 -1000.000000 2.329975 0.99063554 
Car -1.0 -1.0 2.979378 493.508000 176.390000 587.410000 209.891000 -1.000000 -1.000000 -1.000000 -1000.000000 -1000.000000 -1000.000000 2.886362 0.47722162 
Car -1.0 -1.0 -1.632541 412.841000 178.576000 439.276000 199.213000 -1.000000 -1.000000 -1.000000 -1000.000000 -1000.000000 -1000.000000 -1.877984 0.46858069 
Car -1.0 -1.0 1.824758 41.796000 202.729000 91.397000 228.453000 -1.000000 -1.000000 -1.000000 -1000.000000 -1000.000000 -1000.000000 1.182045 0.45202127 
Car -1.0 -1.0 2.186482 566.981000 180.962000 658.994000 216.846000 -1.000000 -1.000000 -1.000000 -1000.000000 -1000.000000 -1000.000000 2.199439 0.45130809 
Car -1.0 -1.0 2.221116 555.480000 178.617000 646.162000 219.342000 -1.000000 -1.000000 -1.000000 -1000.000000 -1000.000000 -1000.000000 2.215176 0.45044969 