Car -1.0 -1.0 -1.800718 2.637000 193.821000 143.704000 279.409000 -1.000000 -1.000000 -1.000000 -1000.000000 -1000.000000 -1000.000000 -2.450050 1.00000000 
Car -1.0 -1.0 1.176359 664.080000 177.297000 765.703000 227.082000 -1.000000 -1.000000 -1.000000 -1000.000000 -1000.000000 -1000.000000 1.323433 0.99999592 
Car -1.0 -1.0 1.656930 1193.878000 159.549000 1241.885000 190.460000 -1.000000 -1.000000 -1.000000 -1000.000000 -1000.000000 -1000.000000 2.359680 0.99997088 
Car -1.0 -1.0 2.327872 582.989000 192.364000 655.031000 226.069000 -1.000000 -1.000000 -1.000000 -1000.000000 -1000.000000 -1000.000000 2.345545 0.99991606 
Car -1.0 -1.0 0.774159 717.957000 177.577000 835.660000 221.867000 -1.000000 -1.000000 -1.000000 -1000.000000 -1000.000000 -1000.000000 1.000475 0.99954186 
Car -1.0 -1.0 2.271300 365.238000 194.951000 458.942000 236.121000 -1.000000 -1.000000 -1.000000 -1000.000000 -1000.000000 -1000.000000 2.005743 0.99910571 
Car -1.0 -1.0 2.157319 318.339000 197.508000 416.431000 235.761000 -1.000000 -1.000000 -1.000000 -1000.000000 -1000.000000 -1000.000000 1.831652 0.99907702 
Car -1.0 -1.0 2.794829 116.032000 197.448000 204.878000 231.205000 -1.000000 -1.000000 -1.000000 -1000.000000 -1000.000000 -1000.000000 2.232767 0.49967843 
Car -1.0 -1.0 2.160411 273.003000 198.613000 369.558000 234.953000 -1.000000 -1.000000 -1.000000 -1000.000000 -1000.000000 -1000.000000 1.782699 0.49964558 
Car -1.0 -1.0 0.733999 773.707000 176.912000 864.330000 219.325000 -1.000000 -1.000000 -1.000000 -1000.000000 -1000.000000 -1000.000000 1.029288 0.99288112 
Car -1.0 -1.0 0.578023 833.083000 173.924000 923.339000 210.573000 -1.000000 -1.000000 -1.000000 -1000.000000 -1000.000000 -1000.000000 0.933557 0.99737993 
Car -1.0 -1.0 -2.503912 878.158000 172.223000 953.729000 204.658000 -1.000000 -1.000000 -1.000000 -1000.000000 -1000.000000 -1000.000000 -2.109354 0.99834578 
Car -1.0 -1.0 1.667624 487.336000 190.705000 557.591000 235.022000 -1.000000 -1.000000 -1.000000 -1000.000000 -1000.000000 -1000.000000 1.551591 0.98685135 
Car -1.0 -1.0 2.264934 539.645000 195.059000 615.065000 224.448000 -1.000000 -1.000000 -1.000000 -1000.000000 -1000.000000 -1000.000000 2.220877 0.87100594 
Car -1.0 -1.0 2.382379 191.578000 198.265000 281.773000 234.596000 -1.000000 -1.000000 -1.000000 -1000.000000 -1000.000000 -1000.000000 1.912040 0.49072275 
Car -1.0 -1.0 2.306354 629.303000 188.115000 702.516000 223.647000 -1.000000 -1.000000 -1.000000 -1000.000000 -1000.000000 -1000.000000 2.385749 0.46128322 
Car -1.0 -1.0 2.230821 159.123000 199.950000 250.562000 232.707000 -1.000000 -1.000000 -1.000000 -1000.000000 -1000.000000 -1000.000000 1.727238 0.20309600 