Car -1.0 -1.0 -1.985954 20.266000 178.258000 241.397000 288.079000 -1.000000 -1.000000 -1.000000 -1000.000000 -1000.000000 -1000.000000 -2.569965 0.99999961 
Car -1.0 -1.0 1.105821 305.006000 184.117000 382.875000 220.906000 -1.000000 -1.000000 -1.000000 -1000.000000 -1000.000000 -1000.000000 0.756826 0.99999231 
Car -1.0 -1.0 -2.133221 348.195000 184.254000 431.028000 217.506000 -1.000000 -1.000000 -1.000000 -1000.000000 -1000.000000 -1000.000000 -2.433389 0.99930565 
Car -1.0 -1.0 2.256738 217.920000 197.825000 291.390000 226.643000 -1.000000 -1.000000 -1.000000 -1000.000000 -1000.000000 -1000.000000 1.801823 0.99986100 
Car -1.0 -1.0 -0.916497 864.050000 166.557000 936.993000 195.369000 -1.000000 -1.000000 -1.000000 -1000.000000 -1000.000000 -1000.000000 -0.526371 0.99892014 
Car -1.0 -1.0 1.767308 671.087000 172.047000 700.263000 191.648000 -1.000000 -1.000000 -1.000000 -1000.000000 -1000.000000 -1000.000000 1.873709 0.99170238 
Car -1.0 -1.0 2.105461 2.384000 190.924000 113.341000 245.686000 -1.000000 -1.000000 -1.000000 -1000.000000 -1000.000000 -1000.000000 1.450650 0.49737963 
Car -1.0 -1.0 -2.052828 268.639000 193.998000 333.669000 222.741000 -1.000000 -1.000000 -1.000000 -1000.000000 -1000.000000 -1000.000000 -2.455498 0.49437913 
Car -1.0 -1.0 -1.784751 515.668000 176.936000 557.299000 198.591000 -1.000000 -1.000000 -1.000000 -1000.000000 -1000.000000 -1000.000000 -1.889011 0.49106903 
Car -1.0 -1.0 2.062736 0.000000 198.969000 94.887000 239.030000 -1.000000 -1.000000 -1.000000 -1000.000000 -1000.000000 -1000.000000 1.406757 0.48626140 
Car -1.0 -1.0 0.774574 441.438000 180.001000 494.163000 205.849000 -1.000000 -1.000000 -1.000000 -1000.000000 -1000.000000 -1000.000000 0.582750 0.46495225 
Car -1.0 -1.0 2.612124 791.147000 166.394000 824.949000 183.771000 -1.000000 -1.000000 -1.000000 -1000.000000 -1000.000000 -1000.000000 2.880980 0.44600041 
Car -1.0 -1.0 0.295899 450.907000 181.501000 499.744000 205.133000 -1.000000 -1.000000 -1.000000 -1000.000000 -1000.000000 -1000.000000 0.110729 0.43657985 
Car -1.0 -1.0 -0.938725 809.719000 168.514000 848.611000 186.157000 -1.000000 -1.000000 -1.000000 -1000.000000 -1000.000000 -1000.000000 -0.640123 0.37901457 
Car -1.0 -1.0 1.660702 693.056000 169.230000 721.967000 187.338000 -1.000000 -1.000000 -1.000000 -1000.000000 -1000.000000 -1000.000000 1.795870 0.29382102 
Car -1.0 -1.0 2.167347 477.113000 179.210000 522.185000 201.888000 -1.000000 -1.000000 -1.000000 -1000.000000 -1000.000000 -1000.000000 2.012591 0.27451089 