Car -1.0 -1.0 1.960706 333.309000 194.936000 385.168000 220.295000 -1.000000 -1.000000 -1.000000 -1000.000000 -1000.000000 -1000.000000 1.630960 0.99998885 
Car -1.0 -1.0 2.075262 135.166000 195.151000 264.011000 261.191000 -1.000000 -1.000000 -1.000000 -1000.000000 -1000.000000 -1000.000000 1.563267 0.99999455 
Car -1.0 -1.0 -1.299429 486.974000 185.222000 556.191000 239.564000 -1.000000 -1.000000 -1.000000 -1000.000000 -1000.000000 -1000.000000 -1.418505 0.99997240 
Car -1.0 -1.0 -1.628117 685.940000 184.784000 734.439000 223.298000 -1.000000 -1.000000 -1.000000 -1000.000000 -1000.000000 -1000.000000 -1.487580 0.99989028 
Car -1.0 -1.0 1.987125 370.914000 191.534000 414.174000 215.486000 -1.000000 -1.000000 -1.000000 -1000.000000 -1000.000000 -1000.000000 1.695786 0.99932237 
Car -1.0 -1.0 -1.413367 511.263000 181.583000 563.838000 225.300000 -1.000000 -1.000000 -1.000000 -1000.000000 -1000.000000 -1000.000000 -1.509778 0.92897482 
Car -1.0 -1.0 1.891767 400.925000 191.471000 436.344000 211.255000 -1.000000 -1.000000 -1.000000 -1000.000000 -1000.000000 -1000.000000 1.634621 0.86261724 
Car -1.0 -1.0 1.839128 421.105000 189.984000 452.372000 208.355000 -1.000000 -1.000000 -1.000000 -1000.000000 -1000.000000 -1000.000000 1.604279 0.76324323 
Car -1.0 -1.0 1.847538 439.501000 189.301000 468.770000 206.285000 -1.000000 -1.000000 -1.000000 -1000.000000 -1000.000000 -1000.000000 1.636960 0.59236376 
Car -1.0 -1.0 2.264689 76.213000 202.350000 205.770000 252.988000 -1.000000 -1.000000 -1.000000 -1000.000000 -1000.000000 -1000.000000 1.691690 0.87715104 
Car -1.0 -1.0 -1.625042 653.055000 180.649000 679.803000 200.848000 -1.000000 -1.000000 -1.000000 -1000.000000 -1000.000000 -1000.000000 -1.547122 0.38963524 
Car -1.0 -1.0 -1.682592 667.856000 184.582000 708.951000 211.025000 -1.000000 -1.000000 -1.000000 -1000.000000 -1000.000000 -1000.000000 -1.575808 0.35643430 
Car -1.0 -1.0 -1.437001 530.383000 180.137000 574.551000 217.743000 -1.000000 -1.000000 -1.000000 -1000.000000 -1000.000000 -1000.000000 -1.512808 0.23859877 