Car -1.0 -1.0 -1.735816 674.986000 181.931000 748.332000 232.770000 -1.000000 -1.000000 -1.000000 -1000.000000 -1000.000000 -1000.000000 -1.600305 0.99999973 
Car -1.0 -1.0 -1.874432 748.440000 189.128000 948.253000 314.009000 -1.000000 -1.000000 -1.000000 -1000.000000 -1000.000000 -1000.000000 -1.577921 0.99999955 
Car -1.0 -1.0 1.958457 242.753000 187.780000 299.123000 220.188000 -1.000000 -1.000000 -1.000000 -1000.000000 -1000.000000 -1000.000000 1.520609 0.99994156 
Car -1.0 -1.0 -1.784631 703.644000 183.431000 812.982000 261.273000 -1.000000 -1.000000 -1.000000 -1000.000000 -1000.000000 -1000.000000 -1.584667 0.99997133 
Car -1.0 -1.0 1.886734 297.930000 186.203000 346.488000 213.291000 -1.000000 -1.000000 -1.000000 -1000.000000 -1000.000000 -1000.000000 1.510240 0.99998727 
Car -1.0 -1.0 2.069216 186.136000 189.686000 259.677000 227.312000 -1.000000 -1.000000 -1.000000 -1000.000000 -1000.000000 -1000.000000 1.576111 0.99997303 
Car -1.0 -1.0 2.373707 1.547000 194.999000 100.879000 257.935000 -1.000000 -1.000000 -1.000000 -1000.000000 -1000.000000 -1000.000000 1.713065 0.99999362 
Car -1.0 -1.0 2.188985 90.826000 191.944000 199.300000 238.925000 -1.000000 -1.000000 -1.000000 -1000.000000 -1000.000000 -1000.000000 1.619326 0.99998921 
Car -1.0 -1.0 -1.581000 599.448000 179.671000 620.727000 195.345000 -1.000000 -1.000000 -1.000000 -1000.000000 -1000.000000 -1000.000000 -1.579333 0.97376999 
Car -1.0 -1.0 1.897449 374.337000 184.393000 409.605000 203.854000 -1.000000 -1.000000 -1.000000 -1000.000000 -1000.000000 -1000.000000 1.606598 0.83463016 
Car -1.0 -1.0 -1.624213 657.453000 181.566000 706.524000 212.704000 -1.000000 -1.000000 -1.000000 -1000.000000 -1000.000000 -1000.000000 -1.525401 0.46486977 