Car -1.0 -1.0 -2.162921 5.001000 191.788000 250.631000 335.767000 -1.000000 -1.000000 -1.000000 -1000.000000 -1000.000000 -1000.000000 -2.762770 0.99999991 
Car -1.0 -1.0 -2.639815 259.758000 185.944000 426.861000 244.337000 -1.000000 -1.000000 -1.000000 -1000.000000 -1000.000000 -1000.000000 -2.995466 0.99999982 
Car -1.0 -1.0 -1.574178 604.132000 170.584000 637.176000 203.943000 -1.000000 -1.000000 -1.000000 -1000.000000 -1000.000000 -1000.000000 -1.557390 0.99999911 
Car -1.0 -1.0 -1.857468 734.077000 181.062000 903.616000 291.224000 -1.000000 -1.000000 -1.000000 -1000.000000 -1000.000000 -1000.000000 -1.593966 0.99999917 
Car -1.0 -1.0 -2.605508 162.123000 187.711000 355.725000 274.820000 -1.000000 -1.000000 -1.000000 -1000.000000 -1000.000000 -1000.000000 -3.058513 0.99999791 
Car -1.0 -1.0 -1.774833 695.430000 175.603000 792.632000 245.488000 -1.000000 -1.000000 -1.000000 -1000.000000 -1000.000000 -1000.000000 -1.597419 0.99999622 
Car -1.0 -1.0 -2.562683 457.857000 174.524000 531.675000 204.384000 -1.000000 -1.000000 -1.000000 -1000.000000 -1000.000000 -1000.000000 -2.724327 0.49998695 
Car -1.0 -1.0 -2.693043 357.496000 179.358000 476.485000 223.177000 -1.000000 -1.000000 -1.000000 -1000.000000 -1000.000000 -1000.000000 -2.951358 0.99801439 
Car -1.0 -1.0 -2.766242 442.128000 174.446000 529.014000 209.137000 -1.000000 -1.000000 -1.000000 -1000.000000 -1000.000000 -1000.000000 -2.928867 0.49945085 
Car -1.0 -1.0 -2.743518 315.184000 184.010000 453.227000 234.916000 -1.000000 -1.000000 -1.000000 -1000.000000 -1000.000000 -1000.000000 -3.048533 0.24958949 
Car -1.0 -1.0 -2.495756 70.651000 190.870000 319.108000 289.535000 -1.000000 -1.000000 -1.000000 -1000.000000 -1000.000000 -1000.000000 -3.022877 0.49660254 
Car -1.0 -1.0 -2.913399 422.502000 176.038000 504.843000 211.477000 -1.000000 -1.000000 -1.000000 -1000.000000 -1000.000000 -1000.000000 -3.112376 0.49632989 
Car -1.0 -1.0 -0.411192 1009.577000 153.031000 1241.371000 370.281000 -1.000000 -1.000000 -1.000000 -1000.000000 -1000.000000 -1000.000000 0.211823 0.49631339 