Car -1.0 -1.0 1.956972 313.247000 194.791000 370.672000 223.087000 -1.000000 -1.000000 -1.000000 -1000.000000 -1000.000000 -1000.000000 1.604752 0.99999982 
Car -1.0 -1.0 2.271978 1.528000 192.942000 161.837000 279.735000 -1.000000 -1.000000 -1.000000 -1000.000000 -1000.000000 -1000.000000 1.641670 0.99999884 
Car -1.0 -1.0 -1.263369 468.006000 187.549000 550.271000 251.352000 -1.000000 -1.000000 -1.000000 -1000.000000 -1000.000000 -1000.000000 -1.397278 0.99999917 
Car -1.0 -1.0 -1.591396 702.420000 191.114000 752.756000 233.099000 -1.000000 -1.000000 -1.000000 -1000.000000 -1000.000000 -1000.000000 -1.426562 0.99999502 
Car -1.0 -1.0 1.998555 355.799000 191.440000 404.663000 217.795000 -1.000000 -1.000000 -1.000000 -1000.000000 -1000.000000 -1000.000000 1.691210 0.99997130 
Car -1.0 -1.0 -1.395819 502.803000 182.663000 563.243000 233.638000 -1.000000 -1.000000 -1.000000 -1000.000000 -1000.000000 -1000.000000 -1.497849 0.99914044 
Car -1.0 -1.0 1.916512 390.009000 192.839000 427.638000 212.904000 -1.000000 -1.000000 -1.000000 -1000.000000 -1000.000000 -1000.000000 1.647257 0.99106610 
Car -1.0 -1.0 1.864306 431.934000 189.975000 464.499000 208.245000 -1.000000 -1.000000 -1.000000 -1000.000000 -1000.000000 -1000.000000 1.645611 0.94353229 
Car -1.0 -1.0 -1.384956 526.433000 181.488000 577.034000 222.734000 -1.000000 -1.000000 -1.000000 -1000.000000 -1000.000000 -1000.000000 -1.462670 0.90080869 
Car -1.0 -1.0 -1.680284 673.501000 190.811000 716.705000 219.214000 -1.000000 -1.000000 -1.000000 -1000.000000 -1000.000000 -1000.000000 -1.560194 0.46526870 
Car -1.0 -1.0 -1.638592 658.930000 185.702000 686.415000 206.783000 -1.000000 -1.000000 -1.000000 -1000.000000 -1000.000000 -1000.000000 -1.552403 0.46324262 
Car -1.0 -1.0 1.832698 412.990000 190.910000 446.362000 210.224000 -1.000000 -1.000000 -1.000000 -1000.000000 -1000.000000 -1000.000000 1.588034 0.83878176 