Car -1.0 -1.0 -1.400766 424.840000 174.315000 522.886000 262.161000 -1.000000 -1.000000 -1.000000 -1000.000000 -1000.000000 -1000.000000 -1.578282 0.99999994 
Car -1.0 -1.0 -1.547880 577.745000 184.103000 673.174000 269.576000 -1.000000 -1.000000 -1.000000 -1000.000000 -1000.000000 -1000.000000 -1.523223 0.99999973 
Car -1.0 -1.0 2.062814 280.192000 190.800000 378.422000 237.877000 -1.000000 -1.000000 -1.000000 -1000.000000 -1000.000000 -1000.000000 1.696236 0.99999335 
Car -1.0 -1.0 1.922413 501.493000 181.119000 544.188000 204.526000 -1.000000 -1.000000 -1.000000 -1000.000000 -1000.000000 -1000.000000 1.803523 0.99788591 
Car -1.0 -1.0 -1.485122 718.092000 172.147000 745.720000 193.128000 -1.000000 -1.000000 -1.000000 -1000.000000 -1000.000000 -1000.000000 -1.315288 0.99988452 
Car -1.0 -1.0 -1.548733 619.966000 172.135000 663.500000 210.860000 -1.000000 -1.000000 -1.000000 -1000.000000 -1000.000000 -1000.000000 -1.500766 0.99127106 
Car -1.0 -1.0 1.878024 234.223000 198.227000 276.242000 222.775000 -1.000000 -1.000000 -1.000000 -1000.000000 -1000.000000 -1000.000000 1.421594 0.98417354 
Car -1.0 -1.0 2.211103 1169.650000 141.095000 1240.961000 197.174000 -1.000000 -1.000000 -1.000000 -1000.000000 -1000.000000 -1000.000000 2.905234 0.48842016 
Car -1.0 -1.0 -1.514729 613.015000 177.032000 671.044000 229.712000 -1.000000 -1.000000 -1.000000 -1000.000000 -1000.000000 -1000.000000 -1.466076 0.18769404 
Car -1.0 -1.0 2.958299 151.262000 203.943000 212.689000 223.265000 -1.000000 -1.000000 -1.000000 -1000.000000 -1000.000000 -1000.000000 2.421343 0.13822430 
Car -1.0 -1.0 1.782777 596.766000 175.409000 633.804000 196.493000 -1.000000 -1.000000 -1.000000 -1000.000000 -1000.000000 -1000.000000 1.793275 0.12048715 
Car -1.0 -1.0 2.971473 37.112000 203.588000 151.019000 228.923000 -1.000000 -1.000000 -1.000000 -1000.000000 -1000.000000 -1000.000000 2.353979 0.11213588 