Car -1.0 -1.0 -1.726443 665.408000 175.872000 752.171000 246.311000 -1.000000 -1.000000 -1.000000 -1000.000000 -1000.000000 -1000.000000 -1.591674 0.99999997 
Car -1.0 -1.0 -1.779205 699.564000 181.534000 836.437000 283.499000 -1.000000 -1.000000 -1.000000 -1000.000000 -1000.000000 -1000.000000 -1.575845 0.99999666 
Car -1.0 -1.0 1.731410 480.128000 177.181000 540.959000 226.111000 -1.000000 -1.000000 -1.000000 -1000.000000 -1000.000000 -1000.000000 1.598707 0.99999285 
Car -1.0 -1.0 -2.817765 227.015000 179.920000 413.495000 248.856000 -1.000000 -1.000000 -1.000000 -1000.000000 -1000.000000 -1000.000000 3.091713 0.99998724 
Car -1.0 -1.0 -1.980348 767.739000 187.835000 1113.887000 372.817000 -1.000000 -1.000000 -1.000000 -1000.000000 -1000.000000 -1000.000000 -1.591229 0.99999005 
Car -1.0 -1.0 0.960974 25.662000 194.338000 325.184000 327.036000 -1.000000 -1.000000 -1.000000 -1000.000000 -1000.000000 -1000.000000 0.407044 0.49908324 
Car -1.0 -1.0 -1.666527 641.233000 178.034000 684.587000 217.209000 -1.000000 -1.000000 -1.000000 -1000.000000 -1000.000000 -1000.000000 -1.594565 0.99773221 
Car -1.0 -1.0 0.896324 7.579000 203.159000 254.980000 318.626000 -1.000000 -1.000000 -1.000000 -1000.000000 -1000.000000 -1000.000000 0.330161 0.49778669 
Car -1.0 -1.0 0.717203 0.288000 201.346000 158.144000 373.800000 -1.000000 -1.000000 -1.000000 -1000.000000 -1000.000000 -1000.000000 0.084154 0.73934005 
Car -1.0 -1.0 -2.803453 284.082000 172.637000 450.444000 233.879000 -1.000000 -1.000000 -1.000000 -1000.000000 -1000.000000 -1000.000000 -3.132923 0.97865205 
Car -1.0 -1.0 -1.682151 651.504000 177.251000 710.223000 226.948000 -1.000000 -1.000000 -1.000000 -1000.000000 -1000.000000 -1000.000000 -1.579665 0.49271271 